заболевание,признак,номер ПД,НГ,ВГ,ЗДП
болезнь 0,дискретный 1,0,8,24,"[10, 0, 5, 8, 1, 2, 11, 14, 9]"
болезнь 0,дискретный 1,1,2,10,"[7, 4, 6, 13, 3]"
болезнь 0,дискретный 1,2,20,23,"[9, 12]"
болезнь 0,дискретный 1,3,15,21,"[10, 14, 4, 5, 11]"
болезнь 0,дискретный 2,0,1,6,"[6, 1, 2, 7, 3, 8, 12]"
болезнь 0,дискретный 2,1,4,15,"[0, 10, 9, 4, 5]"
болезнь 0,дискретный 2,2,10,17,"[8, 3, 2, 11, 7, 12, 1, 6]"
болезнь 0,дискретный 2,3,16,17,"[9, 4, 5]"
болезнь 0,дискретный 2,4,12,21,"[11, 8, 7, 3, 2, 10, 12]"
болезнь 0,дискретный 3,0,18,19,"[1, 11, 7, 10, 12, 0, 5, 3, 9]"
болезнь 0,дискретный 3,1,4,22,"[13, 2, 14, 8, 6]"
болезнь 0,дискретный 3,2,11,16,"[11, 5, 3]"
болезнь 0,дискретный 3,3,5,15,"[7, 1, 4, 13, 2, 12]"
болезнь 0,дискретный 3,4,10,17,"[16, 9, 10, 6, 8, 14, 3]"
болезнь 0,дискретный 4,0,8,15,"[2, 0]"
болезнь 0,дискретный 5,0,10,12,"[4, 6, 15, 8, 0, 14, 11, 7]"
болезнь 0,дискретный 5,1,14,15,"[3, 9, 2, 10, 5, 16, 12, 1, 13]"
болезнь 0,дискретный 5,2,4,18,"[14, 15, 0, 4, 11]"
болезнь 0,дискретный 6,0,7,8,"[4, 12, 0]"
болезнь 0,дискретный 6,1,7,15,"[2, 3, 9, 7, 5, 8, 6]"
болезнь 0,дискретный 7,0,7,11,"[6, 8, 10, 9]"
болезнь 0,дискретный 7,1,10,14,"[5, 2, 3, 0, 7, 1, 4]"
болезнь 0,дискретный 8,0,8,23,"[6, 8, 2, 1, 7, 4, 3]"
болезнь 0,дискретный 8,1,14,16,"[5, 0]"
болезнь 0,дискретный 8,2,11,16,"[6, 3, 7, 4, 1, 2, 8]"
болезнь 0,дискретный 9,0,10,16,"[10, 4, 0, 16, 14, 6, 13]"
болезнь 0,дискретный 9,1,12,22,"[12, 5, 9, 3, 11, 7, 1, 8]"
болезнь 0,дискретный 9,2,5,6,"[6, 4, 0, 15]"
болезнь 0,дискретный 9,3,2,4,"[13, 1, 12, 3, 8, 10, 11]"
болезнь 0,дискретный 10,0,1,5,[3]
болезнь 0,дискретный 11,0,1,23,[0]
болезнь 0,дискретный 12,0,3,15,"[3, 5, 1, 4, 0]"
болезнь 0,дискретный 12,1,21,23,[2]
болезнь 0,дискретный 13,0,9,16,"[5, 2]"
болезнь 0,дискретный 13,1,1,22,"[7, 0, 10, 6, 4, 9]"
болезнь 0,дискретный 13,2,6,19,"[5, 3, 2]"
болезнь 0,дискретный 13,3,19,22,"[6, 0, 7, 10, 4, 8]"
болезнь 0,дискретный 13,4,12,15,"[2, 5, 1, 11, 9]"
болезнь 0,дискретный 14,0,8,20,"[8, 5, 0, 6, 9, 13, 12, 2]"
болезнь 0,дискретный 14,1,3,14,"[4, 7, 11]"
болезнь 0,дискретный 14,2,6,17,"[5, 1, 9, 12, 10, 3, 6]"
болезнь 0,дискретный 14,3,4,21,"[7, 0, 4]"
болезнь 0,дискретный 14,4,1,14,"[9, 8, 1, 6, 5, 11]"
болезнь 0,дискретный 15,0,18,21,"[19, 3, 12]"
болезнь 0,дискретный 15,1,12,20,"[2, 11, 18, 14, 15, 16, 17, 6, 9, 8, 0, 4, 10, 5, 7, 1]"
болезнь 0,дискретный 16,0,2,21,"[4, 10, 1, 0, 14, 6, 5, 13, 11, 9, 8, 3]"
болезнь 0,дискретный 17,0,7,23,"[4, 12, 6, 7, 5]"
болезнь 0,дискретный 17,1,14,19,"[2, 1, 3]"
болезнь 0,дискретный 17,2,9,21,"[6, 9, 5, 12, 0, 10, 8]"
болезнь 0,дискретный 18,0,14,21,"[12, 7, 11, 2, 15, 5, 10, 3, 9, 1, 14, 8]"
болезнь 0,дискретный 18,1,13,20,"[6, 0, 13]"
болезнь 0,дискретный 18,2,6,22,"[7, 15, 3, 9]"
болезнь 0,дискретный 18,3,12,18,"[14, 5, 2, 13, 8]"
болезнь 0,дискретный 19,0,12,21,"[3, 8, 5, 2, 7]"
болезнь 0,дискретный 19,1,5,19,"[0, 10, 9, 1]"
болезнь 0,дискретный 19,2,1,2,"[13, 5, 3, 11]"
болезнь 0,дискретный 19,3,2,13,"[7, 12, 6, 8, 9, 1, 4, 2, 0, 10]"
болезнь 0,дискретный 19,4,3,6,"[11, 3]"
болезнь 0,дискретный 20,0,17,20,"[17, 18, 7, 1, 10, 14, 13, 6]"
болезнь 0,дискретный 20,1,1,18,"[3, 0, 5]"
болезнь 0,дискретный 20,2,17,20,"[6, 4, 2, 17, 7, 16, 13, 18, 8, 11, 9, 14, 10, 15]"
болезнь 0,дискретный 20,3,20,24,"[1, 3, 0]"
болезнь 0,дискретный 21,0,3,9,"[4, 0, 1]"
болезнь 0,дискретный 21,1,18,19,[2]
болезнь 0,дискретный 22,0,7,21,"[1, 7, 15, 18, 3, 10]"
болезнь 0,дискретный 22,1,13,17,"[5, 8, 17, 11, 6, 2, 13]"
болезнь 0,дискретный 23,0,11,14,"[10, 2, 8, 7, 3, 11, 4, 0, 1, 5]"
болезнь 0,дискретный 23,1,8,19,"[9, 6]"
болезнь 0,дискретный 23,2,11,18,"[8, 3, 2, 11, 7, 1, 5]"
болезнь 0,дискретный 23,3,7,20,"[0, 4]"
болезнь 0,дискретный 24,0,6,16,"[0, 11, 13, 14, 9, 1, 8, 16, 3, 2, 10, 5, 7, 4]"
болезнь 0,дискретный 24,1,19,20,"[6, 12]"
болезнь 0,дискретный 24,2,12,13,"[2, 8, 9]"
болезнь 0,дискретный 24,3,5,22,"[4, 0, 11, 13, 6, 14, 3, 5]"
болезнь 0,дискретный 24,4,1,6,"[16, 8, 10, 1, 15, 2]"
болезнь 0,дискретный 25,0,14,18,"[1, 7, 12]"
болезнь 0,дискретный 25,1,19,24,"[6, 11]"
болезнь 0,дискретный 25,2,11,16,"[7, 9, 2, 5, 3, 1, 8, 10, 0, 12, 13, 4, 14]"
болезнь 0,дискретный 25,3,2,10,"[6, 11]"
болезнь 0,непрерывный 1,0,2,10,[2.993 4.412]
болезнь 0,непрерывный 1,1,17,21,[2.204 2.89 ]
болезнь 0,непрерывный 1,2,9,19,[4.895 5.877]
болезнь 0,непрерывный 1,3,8,12,[2.405 4.719]
болезнь 0,непрерывный 1,4,1,20,[4.899 6.079]
болезнь 0,непрерывный 2,0,5,14,[-1.38953 -1.35279]
болезнь 0,непрерывный 2,1,13,17,[-1.35029 -1.33161]
болезнь 0,непрерывный 2,2,12,20,[-1.33041 -1.29661]
болезнь 0,непрерывный 2,3,10,13,[-1.39096 -1.33576]
болезнь 0,непрерывный 2,4,5,23,[-1.31597 -1.29714]
болезнь 0,непрерывный 3,0,2,18,[3.3992891  3.39930563]
болезнь 0,непрерывный 4,0,7,22,[-5.63095 -5.6305 ]
болезнь 0,непрерывный 4,1,14,23,[-5.630469 -5.630019]
болезнь 0,непрерывный 4,2,2,23,[-5.63127  -5.630482]
болезнь 0,непрерывный 4,3,1,18,[-5.630371 -5.630224]
болезнь 0,непрерывный 4,4,15,18,[-5.631071 -5.630924]
болезнь 0,непрерывный 5,0,3,5,[7.95788 7.97563]
болезнь 0,непрерывный 6,0,14,18,[6.9022829  6.90232045]
болезнь 0,непрерывный 6,1,8,17,[6.90227573 6.90228271]
болезнь 0,непрерывный 6,2,5,14,[6.9023114  6.90232292]
болезнь 0,непрерывный 7,0,13,15,[7.26638 7.28041]
болезнь 0,непрерывный 8,0,3,19,[ 3.83 16.62]
болезнь 0,непрерывный 8,1,2,7,[-1.1   2.81]
болезнь 0,непрерывный 8,2,13,18,[ 5.29 15.87]
болезнь 0,непрерывный 8,3,14,19,[-1.19  5.28]
болезнь 0,непрерывный 9,0,9,22,[-3.5335249 -3.5334991]
болезнь 0,непрерывный 9,1,3,23,[-3.5334433 -3.5333958]
болезнь 0,непрерывный 9,2,6,11,[-3.5333858 -3.5333331]
болезнь 0,непрерывный 10,0,13,16,[-3.98845 -3.9706 ]
болезнь 0,непрерывный 10,1,3,20,[-4.03054 -3.98846]
болезнь 0,непрерывный 10,2,3,4,[-3.97712 -3.95812]
болезнь 0,непрерывный 10,3,10,13,[-4.01164 -3.98184]
болезнь 0,непрерывный 10,4,3,7,[-4.02982 -4.01705]
болезнь 0,непрерывный 11,0,3,11,[-34.91  -4.82]
болезнь 0,непрерывный 11,1,6,20,[-4.34 29.15]
болезнь 0,непрерывный 11,2,1,12,[-14.83  -4.39]
болезнь 0,непрерывный 11,3,2,17,[ 2.89 15.85]
болезнь 0,непрерывный 11,4,3,19,[17.06 26.79]
болезнь 0,непрерывный 12,0,15,21,[-1.269073 -1.268325]
болезнь 0,непрерывный 13,0,22,23,[6.23625 6.30926]
болезнь 0,непрерывный 13,1,9,16,[6.31477 6.32839]
болезнь 0,непрерывный 13,2,12,24,[6.2357  6.30373]
болезнь 0,непрерывный 13,3,23,24,[6.30492 6.32462]
болезнь 0,непрерывный 13,4,4,16,[6.26212 6.29559]
болезнь 0,непрерывный 14,0,4,8,[-4.7185272 -4.7184164]
болезнь 0,непрерывный 14,1,8,9,[-4.7186278 -4.7185589]
болезнь 0,непрерывный 14,2,7,20,[-4.7185487 -4.7184282]
болезнь 0,непрерывный 15,0,21,24,[-18.6    7.32]
болезнь 0,непрерывный 15,1,12,17,[ 7.36 11.57]
болезнь 0,непрерывный 16,0,12,15,[-6.0945223 -6.0944176]
болезнь 0,непрерывный 16,1,20,24,[-6.0948225 -6.0945648]
болезнь 0,непрерывный 16,2,8,22,[-6.0945288 -6.0940431]
болезнь 0,непрерывный 16,3,1,19,[-6.09483   -6.0945295]
болезнь 0,непрерывный 17,0,11,23,[5.28114001 5.28114155]
болезнь 0,непрерывный 18,0,5,21,[-2.055 -1.233]
болезнь 0,непрерывный 18,1,11,12,[-2.962 -2.726]
болезнь 0,непрерывный 18,2,7,21,[-3.351 -3.072]
болезнь 0,непрерывный 19,0,6,22,[2.5013226 2.5016186]
болезнь 0,непрерывный 19,1,15,18,[2.5016229 2.5016838]
болезнь 0,непрерывный 20,0,1,12,[-5.683 -2.386]
болезнь 0,непрерывный 20,1,5,14,[-1.96  -0.973]
болезнь 0,непрерывный 21,0,4,10,[4.767521 4.767963]
болезнь 0,непрерывный 22,0,2,15,[-1.608  1.283]
болезнь 0,непрерывный 23,0,15,20,[-1.4261 -1.345 ]
болезнь 0,непрерывный 23,1,12,14,[-1.345  -1.3215]
болезнь 0,непрерывный 23,2,6,8,[-1.499  -1.3589]
болезнь 0,непрерывный 23,3,4,16,[-1.3463 -1.3262]
болезнь 0,непрерывный 24,0,19,20,[8.31567392 8.31573965]
болезнь 0,непрерывный 24,1,2,9,[8.31574008 8.31574896]
болезнь 0,непрерывный 24,2,6,9,[8.31570259 8.31573606]
болезнь 0,непрерывный 24,3,8,19,[8.31566625 8.31569499]
болезнь 0,непрерывный 24,4,16,18,[8.31570381 8.31571597]
болезнь 0,непрерывный 25,0,5,8,[-7.4774 -7.2881]
болезнь 0,непрерывный 25,1,17,18,[-7.8234 -7.4796]
болезнь 0,непрерывный 25,2,9,23,[-7.4677 -7.3154]
болезнь 1,дискретный 1,0,5,16,"[2, 3, 1, 7, 14, 5, 8, 12, 9, 0, 10]"
болезнь 1,дискретный 1,1,5,17,"[6, 13, 4]"
болезнь 1,дискретный 1,2,5,21,"[5, 8, 11, 3, 1, 2, 12, 7, 9, 14, 10, 0]"
болезнь 1,дискретный 1,3,4,12,"[4, 13, 6]"
болезнь 1,дискретный 2,0,3,15,"[5, 4, 10, 12, 9]"
болезнь 1,дискретный 2,1,4,20,"[7, 6, 8, 2]"
болезнь 1,дискретный 2,2,3,8,"[9, 10]"
болезнь 1,дискретный 3,0,4,22,"[11, 0, 16]"
болезнь 1,дискретный 4,0,19,24,"[0, 1, 2]"
болезнь 1,дискретный 5,0,19,21,"[16, 7, 10, 11, 13, 8, 15, 12, 2, 5, 6, 14, 9, 4]"
болезнь 1,дискретный 5,1,11,23,"[1, 3, 0]"
болезнь 1,дискретный 5,2,10,18,"[10, 12, 13, 9, 16, 11, 14]"
болезнь 1,дискретный 5,3,4,13,"[1, 6, 3, 15]"
болезнь 1,дискретный 5,4,5,10,"[13, 0, 2, 10, 11, 4, 5, 16, 12, 9]"
болезнь 1,дискретный 6,0,1,9,"[15, 5, 8, 9, 6, 14]"
болезнь 1,дискретный 6,1,11,18,"[0, 13, 7, 1, 12]"
болезнь 1,дискретный 6,2,23,24,"[9, 8, 5, 3, 2, 6, 15]"
болезнь 1,дискретный 6,3,1,13,"[7, 14, 13, 12]"
болезнь 1,дискретный 7,0,14,16,"[7, 3, 10, 2, 9, 8]"
болезнь 1,дискретный 7,1,1,6,"[1, 5]"
болезнь 1,дискретный 7,2,14,19,"[3, 9, 0, 4, 7, 2, 10]"
болезнь 1,дискретный 8,0,1,16,"[3, 5, 2, 0, 8]"
болезнь 1,дискретный 8,1,14,16,"[7, 6]"
болезнь 1,дискретный 8,2,9,11,"[4, 2, 1, 3, 5, 0, 8]"
болезнь 1,дискретный 8,3,2,12,"[7, 6]"
болезнь 1,дискретный 9,0,4,5,"[16, 1, 15, 14]"
болезнь 1,дискретный 9,1,12,22,"[5, 8, 4, 11, 13, 3, 10, 6, 9, 7, 12, 2]"
болезнь 1,дискретный 9,2,9,19,"[15, 14]"
болезнь 1,дискретный 9,3,3,4,"[6, 8, 1, 11, 4, 0, 16]"
болезнь 1,дискретный 9,4,8,24,"[5, 12, 3, 10, 7, 9, 2, 13]"
болезнь 1,дискретный 10,0,14,22,"[7, 5, 3, 4, 2, 1, 0, 8]"
болезнь 1,дискретный 10,1,1,21,[6]
болезнь 1,дискретный 11,0,7,18,[3]
болезнь 1,дискретный 11,1,12,15,[4]
болезнь 1,дискретный 11,2,19,20,"[2, 0, 3, 1]"
болезнь 1,дискретный 11,3,2,8,[4]
болезнь 1,дискретный 11,4,8,22,[1]
болезнь 1,дискретный 12,0,11,24,"[0, 2]"
болезнь 1,дискретный 12,1,10,13,"[3, 4, 1, 5]"
болезнь 1,дискретный 12,2,8,18,[0]
болезнь 1,дискретный 13,0,1,13,"[6, 9]"
болезнь 1,дискретный 13,1,6,14,"[0, 11, 7, 1, 10]"
болезнь 1,дискретный 13,2,4,23,"[9, 2, 3, 8, 6]"
болезнь 1,дискретный 13,3,8,18,"[7, 1, 0]"
болезнь 1,дискретный 13,4,3,4,"[9, 3, 5, 10, 2, 6, 11]"
болезнь 1,дискретный 14,0,3,12,"[0, 7, 9, 3, 4]"
болезнь 1,дискретный 14,1,1,19,"[6, 10, 8, 11, 12, 1, 13, 5]"
болезнь 1,дискретный 14,2,15,20,"[2, 9]"
болезнь 1,дискретный 15,0,19,20,"[14, 7, 9, 2, 15, 0, 17]"
болезнь 1,дискретный 16,0,2,24,"[7, 2, 11, 10, 13, 0]"
болезнь 1,дискретный 16,1,4,10,"[4, 1, 9]"
болезнь 1,дискретный 16,2,12,16,"[3, 5, 12, 0, 13, 14, 6]"
болезнь 1,дискретный 16,3,12,17,"[2, 1, 9]"
болезнь 1,дискретный 16,4,3,5,"[10, 8, 11, 5, 6, 14, 7, 4, 13]"
болезнь 1,дискретный 17,0,18,19,"[1, 3]"
болезнь 1,дискретный 17,1,3,23,"[5, 7, 4, 9, 11, 6, 2, 8, 0, 12]"
болезнь 1,дискретный 18,0,1,11,"[12, 0]"
болезнь 1,дискретный 18,1,10,17,"[15, 1, 3, 11, 10, 13, 5, 8, 2, 6, 4, 14]"
болезнь 1,дискретный 19,0,3,4,"[0, 5]"
болезнь 1,дискретный 19,1,3,20,"[2, 7, 8, 1, 13, 10]"
болезнь 1,дискретный 19,2,6,17,"[0, 4, 12, 3, 5, 11, 9]"
болезнь 1,дискретный 19,3,4,23,"[6, 13, 1]"
болезнь 1,дискретный 19,4,7,15,"[10, 9, 3]"
болезнь 1,дискретный 20,0,7,22,"[18, 7]"
болезнь 1,дискретный 20,1,1,16,"[13, 14]"
болезнь 1,дискретный 20,2,10,22,"[8, 17, 6, 11, 1, 4, 15, 18, 12, 3, 9, 5, 0, 10, 7]"
болезнь 1,дискретный 20,3,3,10,"[16, 2]"
болезнь 1,дискретный 21,0,14,18,"[4, 3]"
болезнь 1,дискретный 21,1,2,10,"[0, 2]"
болезнь 1,дискретный 21,2,21,22,"[4, 3, 1]"
болезнь 1,дискретный 21,3,17,20,"[0, 2]"
болезнь 1,дискретный 21,4,8,22,[4]
болезнь 1,дискретный 22,0,20,22,"[12, 18, 5, 7, 4, 17, 14, 10, 3, 11, 1, 15, 13, 6, 0]"
болезнь 1,дискретный 23,0,4,23,"[2, 5, 1, 10, 7, 6, 8]"
болезнь 1,дискретный 24,0,14,16,"[3, 13, 8, 9, 6, 11, 10, 0, 12, 16, 15, 1, 7, 2]"
болезнь 1,дискретный 25,0,8,16,"[5, 6, 7]"
болезнь 1,дискретный 25,1,15,23,"[10, 3]"
болезнь 1,непрерывный 1,0,15,19,[2.834 6.004]
болезнь 1,непрерывный 1,1,8,16,[6.111 7.042]
болезнь 1,непрерывный 1,2,9,21,[2.418 3.642]
болезнь 1,непрерывный 2,0,6,24,[-1.34045 -1.32504]
болезнь 1,непрерывный 3,0,6,9,[3.39929936 3.39930342]
болезнь 1,непрерывный 3,1,5,8,[3.39930392 3.39930807]
болезнь 1,непрерывный 3,2,1,10,[3.39928609 3.39930282]
болезнь 1,непрерывный 4,0,12,21,[-5.63082  -5.630225]
болезнь 1,непрерывный 4,1,11,24,[-5.631169 -5.630829]
болезнь 1,непрерывный 4,2,5,20,[-5.630607 -5.630082]
болезнь 1,непрерывный 4,3,1,24,[-5.631226 -5.63062 ]
болезнь 1,непрерывный 5,0,6,11,[7.96281 7.99489]
болезнь 1,непрерывный 5,1,6,24,[8.00206 8.02675]
болезнь 1,непрерывный 5,2,8,22,[7.94116 7.99888]
болезнь 1,непрерывный 6,0,8,9,[6.90228627 6.90232139]
болезнь 1,непрерывный 6,1,6,15,[6.90227958 6.9022849 ]
болезнь 1,непрерывный 6,2,8,19,[6.90230115 6.90230853]
болезнь 1,непрерывный 7,0,9,23,[7.26434 7.28206]
болезнь 1,непрерывный 7,1,5,7,[7.28233 7.28568]
болезнь 1,непрерывный 7,2,9,13,[7.28601 7.29117]
болезнь 1,непрерывный 8,0,15,18,[1.15 9.95]
болезнь 1,непрерывный 8,1,4,11,[10.39 16.99]
болезнь 1,непрерывный 8,2,5,6,[-1.17 10.37]
болезнь 1,непрерывный 9,0,1,8,[-3.5333521 -3.5333275]
болезнь 1,непрерывный 9,1,14,22,[-3.5335042 -3.5333876]
болезнь 1,непрерывный 10,0,18,24,[-4.00983 -3.97819]
болезнь 1,непрерывный 10,1,15,18,[-3.97734 -3.96718]
болезнь 1,непрерывный 10,2,1,6,[-4.02586 -3.98251]
болезнь 1,непрерывный 10,3,1,7,[-3.98064 -3.95933]
болезнь 1,непрерывный 11,0,15,19,[-34.91  19.92]
болезнь 1,непрерывный 11,1,3,9,[20.29 28.27]
болезнь 1,непрерывный 12,0,5,24,[-1.270882 -1.266668]
болезнь 1,непрерывный 12,1,4,19,[-1.266427 -1.265336]
болезнь 1,непрерывный 12,2,14,23,[-1.269362 -1.267729]
болезнь 1,непрерывный 12,3,5,12,[-1.267683 -1.265388]
болезнь 1,непрерывный 12,4,9,12,[-1.270028 -1.268812]
болезнь 1,непрерывный 13,0,10,22,[6.23927 6.31605]
болезнь 1,непрерывный 14,0,12,14,[-4.7185271 -4.7184706]
болезнь 1,непрерывный 14,1,2,21,[-4.7184664 -4.718441 ]
болезнь 1,непрерывный 14,2,5,8,[-4.7185829 -4.7185265]
болезнь 1,непрерывный 15,0,1,14,[-12.     9.09]
болезнь 1,непрерывный 16,0,10,11,[-6.0944891 -6.0941167]
болезнь 1,непрерывный 16,1,9,12,[-6.094832  -6.0945621]
болезнь 1,непрерывный 16,2,8,22,[-6.0945587 -6.0940089]
болезнь 1,непрерывный 17,0,13,19,[5.28114002 5.28114184]
болезнь 1,непрерывный 17,1,6,12,[5.28114196 5.28114233]
болезнь 1,непрерывный 17,2,11,12,[5.28114135 5.28114187]
болезнь 1,непрерывный 17,3,2,9,[5.28113988 5.28114134]
болезнь 1,непрерывный 17,4,8,11,[5.28114161 5.28114222]
болезнь 1,непрерывный 18,0,12,16,[-3.35  -1.741]
болезнь 1,непрерывный 18,1,5,20,[-1.645 -1.218]
болезнь 1,непрерывный 18,2,4,12,[-3.35  -2.852]
болезнь 1,непрерывный 18,3,2,9,[-2.786 -1.339]
болезнь 1,непрерывный 18,4,7,19,[-3.335 -2.947]
болезнь 1,непрерывный 19,0,2,22,[2.5012104 2.5014897]
болезнь 1,непрерывный 19,1,8,18,[2.50149   2.5016997]
болезнь 1,непрерывный 20,0,4,8,[-4.683 -1.254]
болезнь 1,непрерывный 20,1,4,12,[-6.243 -5.   ]
болезнь 1,непрерывный 20,2,19,24,[-4.82  -1.281]
болезнь 1,непрерывный 20,3,3,10,[-5.88 -4.83]
болезнь 1,непрерывный 21,0,7,20,[4.766562 4.76771 ]
болезнь 1,непрерывный 21,1,23,24,[4.767779 4.76815 ]
болезнь 1,непрерывный 21,2,1,14,[4.766309 4.76723 ]
болезнь 1,непрерывный 22,0,1,20,[-0.489  2.953]
болезнь 1,непрерывный 22,1,22,24,[-4.651 -1.84 ]
болезнь 1,непрерывный 22,2,8,24,[-0.403  3.262]
болезнь 1,непрерывный 22,3,17,21,[-2.969 -0.587]
болезнь 1,непрерывный 22,4,1,7,[-0.583  3.335]
болезнь 1,непрерывный 23,0,15,21,[-1.4376 -1.372 ]
болезнь 1,непрерывный 23,1,11,22,[-1.4919 -1.4384]
болезнь 1,непрерывный 23,2,2,10,[-1.4326 -1.3767]
болезнь 1,непрерывный 23,3,20,24,[-1.5002 -1.4375]
болезнь 1,непрерывный 23,4,1,7,[-1.4309 -1.3384]
болезнь 1,непрерывный 24,0,5,22,[8.31567605 8.31572527]
болезнь 1,непрерывный 24,1,13,16,[8.31572931 8.31574712]
болезнь 1,непрерывный 25,0,20,22,[-7.5958 -7.3578]
болезнь 1,непрерывный 25,1,17,20,[-7.8174 -7.6565]
болезнь 1,непрерывный 25,2,18,19,[-7.6365 -7.3855]
болезнь 1,непрерывный 25,3,13,22,[-7.8189 -7.7291]
болезнь 1,непрерывный 25,4,11,22,[-7.4811 -7.3697]
болезнь 2,дискретный 1,0,4,8,"[12, 10, 11, 6, 7, 3, 1, 2, 0, 9, 8]"
болезнь 2,дискретный 1,1,4,5,"[13, 14, 5]"
болезнь 2,дискретный 2,0,3,9,"[7, 3, 6, 0, 1, 5, 9, 2]"
болезнь 2,дискретный 2,1,13,23,"[4, 11, 12, 10, 8]"
болезнь 2,дискретный 3,0,1,12,"[9, 8, 15, 2, 1, 12, 11, 4, 5, 14, 13]"
болезнь 2,дискретный 3,1,6,9,"[0, 6, 3, 10, 7, 16]"
болезнь 2,дискретный 3,2,6,16,"[15, 1, 2, 8]"
болезнь 2,дискретный 4,0,6,24,"[3, 1]"
болезнь 2,дискретный 5,0,21,24,"[13, 12]"
болезнь 2,дискретный 5,1,20,24,"[1, 11, 3, 5, 2, 10, 14, 16, 9, 6, 15, 0, 8, 4]"
болезнь 2,дискретный 5,2,8,20,"[12, 7, 13]"
болезнь 2,дискретный 5,3,12,16,"[6, 14]"
болезнь 2,дискретный 6,0,16,24,"[3, 5, 12]"
болезнь 2,дискретный 6,1,17,19,"[8, 1, 14, 0, 6, 10, 11, 7, 15, 4, 13, 2]"
болезнь 2,дискретный 6,2,11,16,"[9, 12, 5]"
болезнь 2,дискретный 7,0,3,7,"[0, 2, 6, 4, 9, 10, 1, 3, 8]"
болезнь 2,дискретный 7,1,23,24,"[7, 5]"
болезнь 2,дискретный 8,0,4,19,"[5, 6, 0, 4, 1]"
болезнь 2,дискретный 8,1,4,23,"[2, 3, 8]"
болезнь 2,дискретный 8,2,2,4,"[5, 1, 6, 0, 7, 4]"
болезнь 2,дискретный 9,0,11,20,"[14, 9]"
болезнь 2,дискретный 9,1,3,6,"[7, 2, 12, 16, 8, 3, 5, 10]"
болезнь 2,дискретный 10,0,13,24,"[5, 8, 6, 4, 2, 7, 3]"
болезнь 2,дискретный 10,1,8,13,"[1, 0]"
болезнь 2,дискретный 10,2,1,11,"[8, 6, 2]"
болезнь 2,дискретный 11,0,6,13,"[1, 4]"
болезнь 2,дискретный 11,1,3,21,[3]
болезнь 2,дискретный 11,2,3,20,"[0, 2, 1, 4]"
болезнь 2,дискретный 12,0,8,14,"[0, 2, 3]"
болезнь 2,дискретный 12,1,12,21,"[1, 4, 5]"
болезнь 2,дискретный 13,0,10,17,"[7, 3, 0, 10, 4, 9]"
болезнь 2,дискретный 13,1,2,3,"[11, 2, 1, 5, 8]"
болезнь 2,дискретный 13,2,2,13,"[0, 6, 7, 3]"
болезнь 2,дискретный 13,3,6,13,"[1, 10, 5, 8, 2, 4, 11, 9]"
болезнь 2,дискретный 14,0,3,14,"[12, 13, 2, 7, 11, 9]"
болезнь 2,дискретный 14,1,15,20,"[4, 8, 0, 1, 10, 3]"
болезнь 2,дискретный 14,2,9,19,"[6, 7, 12, 13, 11, 2, 5, 9]"
болезнь 2,дискретный 14,3,11,18,"[10, 0, 1, 8]"
болезнь 2,дискретный 14,4,18,19,"[2, 11, 13, 3, 6, 5, 9, 4, 12, 7]"
болезнь 2,дискретный 15,0,6,15,"[0, 18, 1, 12, 6, 7, 5, 3, 15, 4, 16, 19, 10, 8, 17, 14, 13]"
болезнь 2,дискретный 15,1,14,16,"[11, 9]"
болезнь 2,дискретный 15,2,5,17,"[18, 16, 3, 1, 10, 13, 19, 0, 7, 6, 4, 17, 15]"
болезнь 2,дискретный 16,0,13,15,"[11, 12, 10]"
болезнь 2,дискретный 16,1,4,23,"[7, 8, 9, 3]"
болезнь 2,дискретный 16,2,6,17,"[12, 4, 13, 10, 0, 14, 1, 2, 5]"
болезнь 2,дискретный 16,3,9,16,"[7, 3, 6, 9, 11]"
болезнь 2,дискретный 16,4,2,22,"[10, 5, 4, 2, 1, 8, 14, 13, 12, 0]"
болезнь 2,дискретный 17,0,7,12,"[0, 2, 10, 5, 1, 11, 6]"
болезнь 2,дискретный 17,1,7,20,"[3, 4, 8]"
болезнь 2,дискретный 18,0,17,19,"[10, 15, 5, 7, 6, 1, 11, 9, 12, 3, 0, 8, 4]"
болезнь 2,дискретный 18,1,7,9,"[13, 2, 14]"
болезнь 2,дискретный 19,0,12,16,"[3, 4]"
болезнь 2,дискретный 19,1,13,23,"[0, 13, 1, 2, 9, 8, 12, 11]"
болезнь 2,дискретный 20,0,13,17,"[13, 4, 7, 16]"
болезнь 2,дискретный 20,1,17,24,"[17, 6, 18, 9, 14, 12, 15]"
болезнь 2,дискретный 20,2,2,6,"[3, 1, 0]"
болезнь 2,дискретный 20,3,1,13,"[10, 5, 18, 16, 14]"
болезнь 2,дискретный 21,0,2,24,[3]
болезнь 2,дискретный 21,1,20,23,"[0, 4]"
болезнь 2,дискретный 21,2,11,23,"[1, 3]"
болезнь 2,дискретный 21,3,11,21,"[0, 2]"
болезнь 2,дискретный 21,4,4,6,[4]
болезнь 2,дискретный 22,0,16,17,"[6, 0, 2, 12, 4, 1, 11, 16, 18]"
болезнь 2,дискретный 22,1,1,19,"[7, 8]"
болезнь 2,дискретный 22,2,2,23,"[16, 10, 4, 5, 14, 18, 15, 2]"
болезнь 2,дискретный 22,3,5,16,"[11, 7, 3, 12]"
болезнь 2,дискретный 22,4,3,19,"[18, 2, 16, 1]"
болезнь 2,дискретный 23,0,6,22,"[5, 3]"
болезнь 2,дискретный 23,1,8,22,"[1, 11, 9, 4]"
болезнь 2,дискретный 23,2,8,13,"[8, 6, 0]"
болезнь 2,дискретный 24,0,18,20,"[12, 16, 6, 1, 3]"
болезнь 2,дискретный 24,1,9,13,"[8, 11, 13, 4]"
болезнь 2,дискретный 24,2,18,24,"[16, 15, 1, 9, 0, 14, 10, 5, 2, 12, 6, 3]"
болезнь 2,дискретный 24,3,3,9,"[7, 4, 8, 13]"
болезнь 2,дискретный 25,0,14,16,"[4, 2, 10, 13, 7, 1, 12, 0, 6, 11, 8, 3, 5]"
болезнь 2,дискретный 25,1,5,11,"[14, 9]"
болезнь 2,дискретный 25,2,4,24,"[8, 3, 12, 11, 10, 1, 6, 4, 13]"
болезнь 2,непрерывный 1,0,14,23,[2.858 6.538]
болезнь 2,непрерывный 1,1,3,13,[1.982 2.822]
болезнь 2,непрерывный 1,2,6,13,[3.136 6.182]
болезнь 2,непрерывный 2,0,12,21,[-1.34841 -1.31857]
болезнь 2,непрерывный 2,1,1,6,[-1.37889 -1.3613 ]
болезнь 2,непрерывный 2,2,2,22,[-1.35612 -1.31691]
болезнь 2,непрерывный 2,3,8,11,[-1.38882 -1.3712 ]
болезнь 2,непрерывный 2,4,7,8,[-1.36106 -1.29714]
болезнь 2,непрерывный 3,0,5,11,[3.39928764 3.39930082]
болезнь 2,непрерывный 3,1,1,3,[3.39930315 3.39930728]
болезнь 2,непрерывный 4,0,4,13,[-5.631066 -5.630875]
болезнь 2,непрерывный 4,1,1,3,[-5.631264 -5.631087]
болезнь 2,непрерывный 4,2,14,24,[-5.631048 -5.630419]
болезнь 2,непрерывный 4,3,12,14,[-5.630409 -5.630104]
болезнь 2,непрерывный 4,4,2,5,[-5.630892 -5.630551]
болезнь 2,непрерывный 5,0,4,18,[7.95078 8.00302]
болезнь 2,непрерывный 5,1,18,23,[8.00616 8.0243 ]
болезнь 2,непрерывный 5,2,6,8,[7.93791 7.98956]
болезнь 2,непрерывный 5,3,7,19,[7.99555 8.02567]
болезнь 2,непрерывный 6,0,7,9,[6.9022824 6.9022941]
болезнь 2,непрерывный 6,1,3,17,[6.90229745 6.90231522]
болезнь 2,непрерывный 6,2,6,15,[6.90228279 6.90228888]
болезнь 2,непрерывный 7,0,11,17,[7.26997 7.28808]
болезнь 2,непрерывный 7,1,4,10,[7.26088 7.26968]
болезнь 2,непрерывный 7,2,15,24,[7.27186 7.28157]
болезнь 2,непрерывный 7,3,6,23,[7.25994 7.26903]
болезнь 2,непрерывный 7,4,5,17,[7.26968 7.27732]
болезнь 2,непрерывный 8,0,2,18,[-0.65 10.17]
болезнь 2,непрерывный 8,1,11,20,[14.51 17.33]
болезнь 2,непрерывный 9,0,4,23,[-3.5334983 -3.5333338]
болезнь 2,непрерывный 9,1,4,24,[-3.533528  -3.5335052]
болезнь 2,непрерывный 10,0,6,14,[-3.9905  -3.97161]
болезнь 2,непрерывный 10,1,3,9,[-4.01721 -3.99561]
болезнь 2,непрерывный 10,2,9,13,[-3.98332 -3.95785]
болезнь 2,непрерывный 10,3,2,21,[-4.02068 -3.98722]
болезнь 2,непрерывный 10,4,9,10,[-4.03074 -4.02103]
болезнь 2,непрерывный 11,0,5,14,[-27.02  19.39]
болезнь 2,непрерывный 11,1,4,8,[-39.21 -27.48]
болезнь 2,непрерывный 12,0,15,17,[-1.267825 -1.266177]
болезнь 2,непрерывный 12,1,3,17,[-1.270567 -1.268303]
болезнь 2,непрерывный 13,0,10,16,[6.26571 6.30666]
болезнь 2,непрерывный 13,1,7,21,[6.23585 6.25429]
болезнь 2,непрерывный 13,2,15,18,[6.25584 6.32609]
болезнь 2,непрерывный 14,0,10,24,[-4.7185505 -4.7184157]
болезнь 2,непрерывный 14,1,7,16,[-4.7186317 -4.7185973]
болезнь 2,непрерывный 14,2,9,14,[-4.7185517 -4.7184132]
болезнь 2,непрерывный 14,3,4,21,[-4.7186201 -4.7185534]
болезнь 2,непрерывный 14,4,4,16,[-4.7185213 -4.7184145]
болезнь 2,непрерывный 15,0,7,11,[-27.42   4.17]
болезнь 2,непрерывный 15,1,17,19,[ 5.95 11.11]
болезнь 2,непрерывный 15,2,6,14,[-29.61  -0.73]
болезнь 2,непрерывный 16,0,15,16,[-6.0943425 -6.0940517]
болезнь 2,непрерывный 17,0,19,21,[5.28113983 5.28114138]
болезнь 2,непрерывный 17,1,1,21,[5.28114186 5.2811422 ]
болезнь 2,непрерывный 18,0,10,19,[-2.775 -2.379]
болезнь 2,непрерывный 18,1,3,18,[-2.302 -1.4  ]
болезнь 2,непрерывный 18,2,4,7,[-3.012 -2.323]
болезнь 2,непрерывный 18,3,6,23,[-2.314 -1.206]
болезнь 2,непрерывный 19,0,9,10,[2.5015427 2.501666 ]
болезнь 2,непрерывный 19,1,15,22,[2.5011872 2.5013239]
болезнь 2,непрерывный 20,0,7,22,[-4.483 -0.79 ]
болезнь 2,непрерывный 20,1,18,23,[-6.204 -4.535]
болезнь 2,непрерывный 20,2,21,24,[-4.473 -1.196]
болезнь 2,непрерывный 20,3,12,13,[-6.126 -4.572]
болезнь 2,непрерывный 20,4,4,5,[-2.024 -1.149]
болезнь 2,непрерывный 21,0,9,23,[4.766306 4.767337]
болезнь 2,непрерывный 21,1,13,19,[4.765886 4.766205]
болезнь 2,непрерывный 21,2,1,6,[4.767429 4.767922]
болезнь 2,непрерывный 22,0,3,10,[-2.434  0.751]
болезнь 2,непрерывный 22,1,9,10,[-4.839 -2.786]
болезнь 2,непрерывный 22,2,6,14,[-2.313  3.237]
болезнь 2,непрерывный 22,3,12,20,[-4.493 -2.354]
болезнь 2,непрерывный 23,0,1,4,[-1.4182 -1.368 ]
болезнь 2,непрерывный 23,1,4,13,[-1.4962 -1.4292]
болезнь 2,непрерывный 24,0,2,8,[8.31567126 8.31573431]
болезнь 2,непрерывный 24,1,2,24,[8.31573716 8.3157481 ]
болезнь 2,непрерывный 25,0,22,23,[-7.801  -7.5772]
болезнь 2,непрерывный 25,1,2,14,[-7.57   -7.4839]
болезнь 2,непрерывный 25,2,8,9,[-7.6921 -7.6182]
болезнь 2,непрерывный 25,3,5,22,[-7.8218 -7.7353]
болезнь 2,непрерывный 25,4,11,19,[-7.5792 -7.4959]
болезнь 3,дискретный 1,0,8,22,"[11, 2, 7, 12, 0, 3, 1, 4, 10]"
болезнь 3,дискретный 1,1,10,13,"[14, 8, 9]"
болезнь 3,дискретный 1,2,7,17,"[6, 0, 5, 3, 12, 1, 2, 7, 11, 10, 13]"
болезнь 3,дискретный 2,0,10,24,"[9, 0, 11, 6, 3, 10, 8, 7]"
болезнь 3,дискретный 2,1,5,18,"[12, 5]"
болезнь 3,дискретный 2,2,13,19,"[9, 7]"
болезнь 3,дискретный 2,3,16,18,"[6, 3, 12, 11, 2]"
болезнь 3,дискретный 3,0,19,21,"[0, 5, 16, 6, 13, 12, 8, 2, 14, 10, 15, 4, 1, 7, 3]"
болезнь 3,дискретный 3,1,5,7,"[11, 9]"
болезнь 3,дискретный 3,2,4,16,"[2, 14, 3, 4, 8, 5, 13, 12]"
болезнь 3,дискретный 3,3,18,22,"[7, 11, 0, 10, 9, 6, 16, 1]"
болезнь 3,дискретный 3,4,11,15,"[12, 4, 13]"
болезнь 3,дискретный 4,0,7,18,[2]
болезнь 3,дискретный 4,1,17,19,"[0, 1]"
болезнь 3,дискретный 4,2,20,24,"[3, 2]"
болезнь 3,дискретный 4,3,4,12,"[1, 0]"
болезнь 3,дискретный 4,4,6,21,[3]
болезнь 3,дискретный 5,0,4,5,"[9, 0, 8, 14, 15, 1, 10, 7, 4, 13]"
болезнь 3,дискретный 5,1,7,24,"[3, 12, 6, 16, 2, 11]"
болезнь 3,дискретный 6,0,2,24,"[10, 12, 0, 3, 8, 13]"
болезнь 3,дискретный 7,0,15,21,"[3, 9, 4, 2, 10, 0, 1, 6]"
болезнь 3,дискретный 8,0,2,18,"[3, 7]"
болезнь 3,дискретный 8,1,16,24,"[1, 8]"
болезнь 3,дискретный 8,2,4,12,"[3, 0, 4, 5, 6, 2, 7]"
болезнь 3,дискретный 8,3,10,16,"[8, 1]"
болезнь 3,дискретный 8,4,11,22,"[0, 3, 4, 5]"
болезнь 3,дискретный 9,0,2,17,"[1, 14, 2, 10, 9, 13, 8, 7, 5, 16, 11, 15, 12, 4, 6]"
болезнь 3,дискретный 9,1,4,16,"[0, 3]"
болезнь 3,дискретный 9,2,13,22,"[8, 13, 9, 4, 11, 1]"
болезнь 3,дискретный 9,3,10,15,"[16, 15, 5, 14]"
болезнь 3,дискретный 9,4,9,23,"[3, 13, 2, 7, 9, 4, 12, 11, 8, 6, 1, 10, 0]"
болезнь 3,дискретный 10,0,1,23,[2]
болезнь 3,дискретный 11,0,12,22,"[1, 4, 3, 2]"
болезнь 3,дискретный 11,1,22,24,[0]
болезнь 3,дискретный 11,2,4,17,"[2, 1]"
болезнь 3,дискретный 11,3,7,20,"[0, 4]"
болезнь 3,дискретный 11,4,16,20,"[1, 3, 2]"
болезнь 3,дискретный 12,0,4,17,"[1, 3, 4, 0, 5]"
болезнь 3,дискретный 12,1,15,20,[2]
болезнь 3,дискретный 13,0,8,12,"[2, 3, 5, 9, 0, 1, 10]"
болезнь 3,дискретный 13,1,8,15,"[11, 6, 8]"
болезнь 3,дискретный 13,2,7,19,"[4, 10, 1, 9, 0, 2]"
болезнь 3,дискретный 13,3,11,13,"[3, 7]"
болезнь 3,дискретный 14,0,10,13,"[3, 8, 7, 11, 10, 9]"
болезнь 3,дискретный 14,1,13,15,"[5, 13, 0]"
болезнь 3,дискретный 14,2,7,14,"[8, 9, 6, 2]"
болезнь 3,дискретный 15,0,4,10,"[12, 0, 7, 1, 17, 18, 6, 4, 5, 19, 14, 15, 3, 2, 11, 10]"
болезнь 3,дискретный 15,1,17,23,"[9, 13, 8, 16]"
болезнь 3,дискретный 15,2,10,21,"[14, 12, 2, 7, 0, 19]"
болезнь 3,дискретный 15,3,19,23,"[3, 11, 16, 8, 15, 18, 17, 5]"
болезнь 3,дискретный 16,0,8,12,"[4, 9, 3, 2, 14, 12, 11, 5, 7]"
болезнь 3,дискретный 16,1,7,23,"[1, 0, 6, 8]"
болезнь 3,дискретный 17,0,1,3,"[2, 1, 4, 9, 12, 8]"
болезнь 3,дискретный 17,1,18,20,"[6, 11, 10, 7, 5, 3, 0]"
болезнь 3,дискретный 17,2,5,22,"[2, 1, 9]"
болезнь 3,дискретный 17,3,2,13,"[0, 11, 8, 3, 7, 4, 12]"
болезнь 3,дискретный 17,4,10,13,"[5, 9]"
болезнь 3,дискретный 18,0,3,9,"[15, 4, 13]"
болезнь 3,дискретный 18,1,12,23,"[3, 10, 12, 2]"
болезнь 3,дискретный 18,2,17,22,"[0, 5, 1, 11, 7, 13, 14, 6, 8, 9]"
болезнь 3,дискретный 18,3,17,21,"[2, 10, 15]"
болезнь 3,дискретный 18,4,2,9,"[0, 5]"
болезнь 3,дискретный 19,0,6,7,"[9, 2, 7, 8, 0, 1, 10, 13, 11, 6, 12, 4]"
болезнь 3,дискретный 19,1,13,20,"[5, 3]"
болезнь 3,дискретный 19,2,1,11,"[8, 2, 9, 1, 4, 11, 12, 7, 10, 0]"
болезнь 3,дискретный 19,3,4,10,"[13, 3]"
болезнь 3,дискретный 19,4,15,18,"[11, 2]"
болезнь 3,дискретный 20,0,9,17,"[2, 15, 8, 9, 13, 12, 4, 7, 3, 11, 5, 17, 18, 0, 1, 14]"
болезнь 3,дискретный 20,1,5,13,"[10, 16, 6]"
болезнь 3,дискретный 20,2,10,22,"[15, 14, 3, 18, 9, 7, 2, 0, 11, 4, 5, 1, 13, 17]"
болезнь 3,дискретный 20,3,2,7,"[8, 16]"
болезнь 3,дискретный 21,0,17,22,"[4, 0, 2, 1]"
болезнь 3,дискретный 22,0,9,20,"[8, 4]"
болезнь 3,дискретный 22,1,7,12,"[0, 3, 13, 6, 16, 7, 12, 5, 14, 9, 2, 18, 10, 15]"
болезнь 3,дискретный 23,0,13,18,"[2, 7, 8, 11, 9, 6]"
болезнь 3,дискретный 23,1,12,19,"[4, 10, 0, 3]"
болезнь 3,дискретный 23,2,12,15,"[8, 7, 11, 6, 1, 5, 2]"
болезнь 3,дискретный 24,0,8,16,"[16, 4, 1, 0, 12, 10, 15]"
болезнь 3,дискретный 24,1,12,13,"[9, 14, 11, 5, 13, 3, 7, 6, 2]"
болезнь 3,дискретный 24,2,5,10,"[12, 10, 15]"
болезнь 3,дискретный 25,0,6,20,"[7, 13, 2, 12, 4, 1, 6, 11, 14, 9]"
болезнь 3,дискретный 25,1,7,10,"[5, 10, 0, 8, 3]"
болезнь 3,дискретный 25,2,16,21,"[2, 7]"
болезнь 3,дискретный 25,3,3,13,"[11, 5, 6, 14, 12, 9, 4]"
болезнь 3,непрерывный 1,0,13,23,[3.559 6.118]
болезнь 3,непрерывный 1,1,7,12,[2.146 3.491]
болезнь 3,непрерывный 2,0,7,19,[-1.39018 -1.34974]
болезнь 3,непрерывный 2,1,4,7,[-1.33956 -1.31407]
болезнь 3,непрерывный 3,0,13,18,[3.39930549 3.39930805]
болезнь 3,непрерывный 3,1,1,13,[3.39928846 3.39930408]
болезнь 3,непрерывный 3,2,5,9,[3.39930415 3.39930851]
болезнь 3,непрерывный 3,3,10,24,[3.3992979  3.39930133]
болезнь 3,непрерывный 3,4,11,17,[3.3993039  3.39930783]
болезнь 3,непрерывный 4,0,1,16,[-5.631004 -5.630572]
болезнь 3,непрерывный 4,1,12,17,[-5.630557 -5.630024]
болезнь 3,непрерывный 4,2,19,24,[-5.6309   -5.630771]
болезнь 3,непрерывный 4,3,22,23,[-5.630706 -5.630214]
болезнь 3,непрерывный 5,0,15,19,[7.93546 8.00639]
болезнь 3,непрерывный 5,1,14,24,[8.00708 8.02423]
болезнь 3,непрерывный 5,2,11,21,[7.93899 8.00655]
болезнь 3,непрерывный 6,0,1,5,[6.90231818 6.90232593]
болезнь 3,непрерывный 7,0,2,5,[7.27738 7.28985]
болезнь 3,непрерывный 8,0,5,13,[15.13 17.57]
болезнь 3,непрерывный 8,1,9,13,[0.2  8.48]
болезнь 3,непрерывный 8,2,7,9,[ 8.48 15.96]
болезнь 3,непрерывный 9,0,15,19,[-3.533499  -3.5334223]
болезнь 3,непрерывный 9,1,1,15,[-3.5335258 -3.5335042]
болезнь 3,непрерывный 9,2,13,22,[-3.5335015 -3.533463 ]
болезнь 3,непрерывный 10,0,5,13,[-4.00555 -3.96733]
болезнь 3,непрерывный 11,0,5,15,[-27.86   1.88]
болезнь 3,непрерывный 11,1,1,5,[11.08 24.88]
болезнь 3,непрерывный 11,2,8,21,[-10.39   8.65]
болезнь 3,непрерывный 12,0,8,14,[-1.26988  -1.266875]
болезнь 3,непрерывный 12,1,9,19,[-1.266762 -1.265341]
болезнь 3,непрерывный 13,0,3,13,[6.27578 6.31407]
болезнь 3,непрерывный 14,0,11,12,[-4.7185007 -4.7184712]
болезнь 3,непрерывный 14,1,6,7,[-4.7186002 -4.7185141]
болезнь 3,непрерывный 14,2,16,18,[-4.7184699 -4.7184269]
болезнь 3,непрерывный 15,0,4,17,[-4.2   5.54]
болезнь 3,непрерывный 15,1,5,6,[ 5.61 10.93]
болезнь 3,непрерывный 15,2,9,16,[-12.5    0.56]
болезнь 3,непрерывный 15,3,1,13,[-29.73 -12.59]
болезнь 3,непрерывный 15,4,14,17,[0.02 4.95]
болезнь 3,непрерывный 16,0,10,16,[-6.0946499 -6.0943733]
болезнь 3,непрерывный 16,1,6,7,[-6.0943313 -6.094221 ]
болезнь 3,непрерывный 16,2,16,22,[-6.0947601 -6.0944278]
болезнь 3,непрерывный 17,0,1,22,[5.28114143 5.28114212]
болезнь 3,непрерывный 18,0,11,18,[-3.234 -2.027]
болезнь 3,непрерывный 18,1,14,20,[-2.023 -1.361]
болезнь 3,непрерывный 18,2,6,17,[-2.959 -2.397]
болезнь 3,непрерывный 18,3,19,21,[-1.965 -1.532]
болезнь 3,непрерывный 18,4,17,20,[-3.384 -2.139]
болезнь 3,непрерывный 19,0,3,9,[2.5014206 2.501497 ]
болезнь 3,непрерывный 19,1,18,24,[2.5012188 2.5013798]
болезнь 3,непрерывный 19,2,22,23,[2.5011363 2.5012167]
болезнь 3,непрерывный 19,3,13,21,[2.5012969 2.5016131]
болезнь 3,непрерывный 20,0,4,6,[-3.234 -0.845]
болезнь 3,непрерывный 21,0,13,15,[4.765897 4.767523]
болезнь 3,непрерывный 21,1,2,24,[4.767831 4.768241]
болезнь 3,непрерывный 21,2,7,20,[4.766005 4.767601]
болезнь 3,непрерывный 22,0,13,21,[-3.546  2.301]
болезнь 3,непрерывный 22,1,9,10,[-5.068 -3.995]
болезнь 3,непрерывный 22,2,9,10,[-3.578  2.422]
болезнь 3,непрерывный 22,3,1,8,[2.455 3.319]
болезнь 3,непрерывный 23,0,3,22,[-1.4021 -1.3439]
болезнь 3,непрерывный 23,1,3,9,[-1.3427 -1.3235]
болезнь 3,непрерывный 23,2,9,20,[-1.4598 -1.3522]
болезнь 3,непрерывный 23,3,10,17,[-1.4955 -1.4694]
болезнь 3,непрерывный 24,0,1,10,[8.3156821  8.31573703]
болезнь 3,непрерывный 25,0,2,13,[-7.515 -7.317]
болезнь 3,непрерывный 25,1,12,19,[-7.7636 -7.6935]
болезнь 3,непрерывный 25,2,1,12,[-7.6746 -7.288 ]
болезнь 4,дискретный 1,0,17,18,"[0, 12, 6, 5, 14, 3, 1]"
болезнь 4,дискретный 1,1,9,12,"[13, 4, 10, 9]"
болезнь 4,дискретный 1,2,16,18,"[0, 7, 3, 11, 14, 5]"
болезнь 4,дискретный 2,0,15,23,"[10, 9, 1, 11, 7, 4]"
болезнь 4,дискретный 3,0,4,18,"[9, 15]"
болезнь 4,дискретный 3,1,5,14,"[10, 4, 5]"
болезнь 4,дискретный 4,0,15,16,[0]
болезнь 4,дискретный 4,1,6,21,"[2, 3]"
болезнь 4,дискретный 4,2,12,15,"[1, 0]"
болезнь 4,дискретный 4,3,9,21,[2]
болезнь 4,дискретный 5,0,16,19,"[3, 0, 6, 4, 10, 2, 1, 15, 11]"
болезнь 4,дискретный 5,1,9,24,"[5, 13, 16, 9, 7, 12, 8]"
болезнь 4,дискретный 5,2,14,24,"[3, 15, 6, 10, 1, 4]"
болезнь 4,дискретный 6,0,11,17,"[10, 3, 13, 5, 9, 11, 0, 15, 6]"
болезнь 4,дискретный 6,1,14,21,"[8, 14, 4, 12, 7, 2]"
болезнь 4,дискретный 7,0,20,21,"[8, 7, 10, 6, 2, 9, 0]"
болезнь 4,дискретный 7,1,2,11,"[4, 3]"
болезнь 4,дискретный 8,0,6,20,"[3, 5, 6]"
болезнь 4,дискретный 8,1,12,21,"[1, 4, 7, 8]"
болезнь 4,дискретный 9,0,12,15,"[10, 0, 6]"
болезнь 4,дискретный 9,1,12,22,"[7, 5, 4]"
болезнь 4,дискретный 9,2,7,15,"[14, 1, 9, 10, 6, 2, 11, 15, 8, 12, 0]"
болезнь 4,дискретный 9,3,11,23,"[7, 4]"
болезнь 4,дискретный 10,0,12,14,"[6, 7]"
болезнь 4,дискретный 11,0,3,8,"[1, 0, 4, 3]"
болезнь 4,дискретный 12,0,11,13,"[0, 4, 3, 1]"
болезнь 4,дискретный 12,1,19,22,"[5, 2]"
болезнь 4,дискретный 12,2,1,21,"[1, 4, 3, 0]"
болезнь 4,дискретный 13,0,6,13,"[9, 4, 10, 3, 7, 2, 0, 5, 8, 11]"
болезнь 4,дискретный 13,1,9,10,"[1, 6]"
болезнь 4,дискретный 13,2,11,16,"[0, 7, 2, 5, 3, 10, 4, 8, 11]"
болезнь 4,дискретный 13,3,13,19,"[6, 1, 9]"
болезнь 4,дискретный 14,0,17,19,"[11, 7, 2, 8]"
болезнь 4,дискретный 14,1,11,18,"[1, 13, 3, 4, 9, 12, 5]"
болезнь 4,дискретный 14,2,1,21,"[7, 11, 6, 10, 8]"
болезнь 4,дискретный 14,3,7,12,"[2, 5, 13, 12, 0, 3, 9, 1]"
болезнь 4,дискретный 14,4,4,15,"[6, 10]"
болезнь 4,дискретный 15,0,14,15,"[14, 0, 2, 13, 11, 18, 12, 4]"
болезнь 4,дискретный 15,1,3,23,"[3, 19, 6, 17]"
болезнь 4,дискретный 15,2,3,20,"[15, 7, 16, 5, 9, 13, 4, 8]"
болезнь 4,дискретный 15,3,9,10,"[19, 2, 10, 17]"
болезнь 4,дискретный 16,0,15,19,"[1, 2, 6, 12, 11, 10]"
болезнь 4,дискретный 16,1,8,9,"[8, 9]"
болезнь 4,дискретный 16,2,6,9,"[4, 10, 5, 11, 1, 14, 3, 6]"
болезнь 4,дискретный 16,3,9,10,"[7, 8, 12, 0, 2]"
болезнь 4,дискретный 17,0,5,12,"[2, 8, 12, 6, 9, 1, 3, 11, 5]"
болезнь 4,дискретный 17,1,13,15,"[7, 10, 4, 0]"
болезнь 4,дискретный 18,0,9,11,"[10, 11, 2, 3, 1]"
болезнь 4,дискретный 18,1,3,16,"[6, 12, 7, 8]"
болезнь 4,дискретный 18,2,6,24,"[3, 14, 10, 4, 0, 15, 2, 11, 9]"
болезнь 4,дискретный 18,3,10,18,"[8, 12, 5, 1, 13]"
болезнь 4,дискретный 19,0,22,23,"[12, 4, 0, 3, 6, 11, 13, 2, 10, 5, 8, 9]"
болезнь 4,дискретный 19,1,5,16,"[1, 7]"
болезнь 4,дискретный 19,2,4,15,"[3, 13, 4, 11, 8, 10]"
болезнь 4,дискретный 19,3,2,14,"[7, 2]"
болезнь 4,дискретный 19,4,4,16,"[1, 8, 6, 9, 10, 3, 0, 4, 5, 11]"
болезнь 4,дискретный 20,0,5,9,"[15, 18, 5, 2]"
болезнь 4,дискретный 20,1,1,20,"[1, 9, 7, 3, 0, 4, 8, 16, 13, 12, 6]"
болезнь 4,дискретный 20,2,11,17,"[14, 15, 2, 18, 5, 17]"
болезнь 4,дискретный 21,0,7,24,[2]
болезнь 4,дискретный 21,1,7,23,"[0, 3, 4]"
болезнь 4,дискретный 21,2,15,23,"[1, 2]"
болезнь 4,дискретный 21,3,5,6,[0]
болезнь 4,дискретный 22,0,9,20,"[12, 3, 8, 5, 7, 2, 9, 10, 14, 4, 6, 0, 13, 11, 16, 1, 17]"
болезнь 4,дискретный 22,1,18,21,"[18, 15]"
болезнь 4,дискретный 22,2,17,21,"[5, 12, 13, 0, 9, 14, 1, 7, 17, 16]"
болезнь 4,дискретный 23,0,6,20,"[8, 2, 1, 9, 10, 0]"
болезнь 4,дискретный 23,1,1,18,"[5, 7, 3, 11]"
болезнь 4,дискретный 24,0,9,15,"[11, 3, 9, 14, 5, 13, 15, 6, 12, 4, 7, 2, 0, 8, 16]"
болезнь 4,дискретный 25,0,9,20,"[0, 10, 8, 2, 12, 1, 3, 6, 14, 9]"
болезнь 4,дискретный 25,1,3,14,"[4, 11, 7, 13]"
болезнь 4,дискретный 25,2,15,16,"[8, 0, 5, 3, 14, 2, 1, 6, 12]"
болезнь 4,дискретный 25,3,8,22,"[4, 13, 7]"
болезнь 4,дискретный 25,4,17,23,"[5, 3, 0, 10, 12, 11, 8, 9, 1]"
болезнь 4,непрерывный 1,0,11,19,[1.977 5.582]
болезнь 4,непрерывный 1,1,5,12,[5.872 6.665]
болезнь 4,непрерывный 1,2,10,19,[3.802 4.592]
болезнь 4,непрерывный 2,0,22,24,[-1.34422 -1.31578]
болезнь 4,непрерывный 2,1,16,22,[-1.38538 -1.37485]
болезнь 4,непрерывный 2,2,14,22,[-1.32506 -1.303  ]
болезнь 4,непрерывный 2,3,8,18,[-1.37768 -1.34706]
болезнь 4,непрерывный 3,0,7,12,[3.39928972 3.39930584]
болезнь 4,непрерывный 3,1,4,15,[3.3992857  3.39928925]
болезнь 4,непрерывный 3,2,6,16,[3.3992913  3.39930821]
болезнь 4,непрерывный 3,3,15,16,[3.39928577 3.39928938]
болезнь 4,непрерывный 4,0,3,20,[-5.630718 -5.630287]
болезнь 4,непрерывный 4,1,19,21,[-5.631015 -5.630864]
болезнь 4,непрерывный 4,2,14,21,[-5.630752 -5.630269]
болезнь 4,непрерывный 4,3,1,5,[-5.631231 -5.630831]
болезнь 4,непрерывный 5,0,8,22,[7.984   8.01547]
болезнь 4,непрерывный 5,1,11,16,[7.93959 7.97243]
болезнь 4,непрерывный 5,2,1,23,[7.99692 8.01775]
болезнь 4,непрерывный 5,3,1,17,[7.93421 7.99249]
болезнь 4,непрерывный 6,0,21,23,[6.90229131 6.90231758]
болезнь 4,непрерывный 6,1,1,15,[6.90227598 6.90228138]
болезнь 4,непрерывный 6,2,13,22,[6.90228501 6.9023247 ]
болезнь 4,непрерывный 6,3,9,24,[6.90227572 6.90228139]
болезнь 4,непрерывный 6,4,5,23,[6.90231227 6.90232779]
болезнь 4,непрерывный 7,0,1,18,[7.27013 7.28401]
болезнь 4,непрерывный 7,1,5,10,[7.2591  7.26994]
болезнь 4,непрерывный 7,2,3,11,[7.28293 7.28669]
болезнь 4,непрерывный 7,3,5,19,[7.26956 7.27939]
болезнь 4,непрерывный 8,0,12,15,[ 0.88 10.62]
болезнь 4,непрерывный 8,1,4,16,[14.53 16.89]
болезнь 4,непрерывный 8,2,14,20,[2.18 5.94]
болезнь 4,непрерывный 8,3,5,23,[-1.31  1.5 ]
болезнь 4,непрерывный 9,0,8,16,[-3.5335091 -3.5333776]
болезнь 4,непрерывный 10,0,1,5,[-4.02781 -3.97058]
болезнь 4,непрерывный 10,1,5,21,[-3.96844 -3.96076]
болезнь 4,непрерывный 10,2,9,24,[-4.0027  -3.97445]
болезнь 4,непрерывный 10,3,7,9,[-4.02466 -4.00375]
болезнь 4,непрерывный 10,4,4,22,[-4.0019  -3.97222]
болезнь 4,непрерывный 11,0,8,17,[-30.16   4.49]
болезнь 4,непрерывный 11,1,3,8,[ 6.34 19.  ]
болезнь 4,непрерывный 11,2,5,10,[-11.05  -0.22]
болезнь 4,непрерывный 11,3,5,7,[ 2.47 29.24]
болезнь 4,непрерывный 12,0,2,4,[-1.270769 -1.269874]
болезнь 4,непрерывный 12,1,15,24,[-1.269287 -1.265766]
болезнь 4,непрерывный 12,2,1,15,[-1.270517 -1.269748]
болезнь 4,непрерывный 13,0,20,24,[6.25576 6.30201]
болезнь 4,непрерывный 13,1,8,14,[6.30726 6.3229 ]
болезнь 4,непрерывный 13,2,11,21,[6.25537 6.27644]
болезнь 4,непрерывный 14,0,14,19,[-4.7186061 -4.7184363]
болезнь 4,непрерывный 15,0,15,20,[-19.1    5.73]
болезнь 4,непрерывный 15,1,4,21,[ 7.28 11.6 ]
болезнь 4,непрерывный 15,2,2,19,[-26.51  -2.58]
болезнь 4,непрерывный 15,3,7,9,[-0.97 11.55]
болезнь 4,непрерывный 15,4,6,21,[-20.1   -7.31]
болезнь 4,непрерывный 16,0,3,7,[-6.0947033 -6.0943438]
болезнь 4,непрерывный 16,1,13,17,[-6.0942704 -6.0940053]
болезнь 4,непрерывный 16,2,2,4,[-6.0948201 -6.0942743]
болезнь 4,непрерывный 16,3,19,24,[-6.0942269 -6.0940505]
болезнь 4,непрерывный 16,4,20,24,[-6.0945488 -6.0943886]
болезнь 4,непрерывный 17,0,6,12,[5.28114046 5.28114113]
болезнь 4,непрерывный 17,1,1,4,[5.28114115 5.28114231]
болезнь 4,непрерывный 17,2,5,17,[5.28113987 5.28114055]
болезнь 4,непрерывный 17,3,10,21,[5.2811407  5.28114233]
болезнь 4,непрерывный 18,0,12,16,[-2.99  -1.264]
болезнь 4,непрерывный 18,1,9,16,[-3.369 -3.08 ]
болезнь 4,непрерывный 18,2,20,22,[-2.934 -1.311]
болезнь 4,непрерывный 18,3,12,18,[-3.358 -3.064]
болезнь 4,непрерывный 19,0,15,21,[2.5014194 2.5015321]
болезнь 4,непрерывный 19,1,8,17,[2.5011567 2.5014173]
болезнь 4,непрерывный 19,2,13,17,[2.5015029 2.50165  ]
болезнь 4,непрерывный 20,0,13,24,[-3.386 -1.181]
болезнь 4,непрерывный 20,1,1,24,[-6.188 -4.46 ]
болезнь 4,непрерывный 20,2,20,21,[-2.911 -2.213]
болезнь 4,непрерывный 20,3,19,20,[-5.44 -3.4 ]
болезнь 4,непрерывный 20,4,12,13,[-3.072 -2.183]
болезнь 4,непрерывный 21,0,19,24,[4.766822 4.768122]
болезнь 4,непрерывный 21,1,5,6,[4.766431 4.76681 ]
болезнь 4,непрерывный 21,2,17,18,[4.765829 4.766365]
болезнь 4,непрерывный 22,0,12,16,[-4.657  0.521]
болезнь 4,непрерывный 22,1,11,13,[1.073 2.104]
болезнь 4,непрерывный 23,0,11,14,[-1.487  -1.4269]
болезнь 4,непрерывный 23,1,3,18,[-1.4106 -1.3856]
болезнь 4,непрерывный 24,0,8,20,[8.31568322 8.31574591]
болезнь 4,непрерывный 24,1,16,24,[8.31566593 8.31568307]
болезнь 4,непрерывный 24,2,4,9,[8.31568472 8.31573921]
болезнь 4,непрерывный 24,3,10,19,[8.31566651 8.3156811 ]
болезнь 4,непрерывный 24,4,18,21,[8.31571261 8.31573619]
болезнь 4,непрерывный 25,0,4,22,[-7.6057 -7.3561]
болезнь 5,дискретный 1,0,19,22,"[7, 13]"
болезнь 5,дискретный 1,1,14,20,"[1, 4, 11, 5, 8]"
болезнь 5,дискретный 2,0,13,20,"[12, 10, 7, 4, 11, 8, 9]"
болезнь 5,дискретный 3,0,1,18,"[1, 15, 16]"
болезнь 5,дискретный 3,1,10,19,"[2, 11, 12, 7, 9, 5, 13, 8, 6, 0]"
болезнь 5,дискретный 3,2,11,24,"[15, 3, 16, 4, 14]"
болезнь 5,дискретный 3,3,1,19,"[0, 7, 5, 1, 2, 9, 12, 13, 11, 8, 10, 6]"
болезнь 5,дискретный 4,0,12,15,[2]
болезнь 5,дискретный 4,1,9,22,"[1, 3]"
болезнь 5,дискретный 4,2,4,22,[2]
болезнь 5,дискретный 4,3,12,22,"[0, 1]"
болезнь 5,дискретный 4,4,14,22,[2]
болезнь 5,дискретный 5,0,14,24,"[15, 3, 2]"
болезнь 5,дискретный 5,1,4,12,"[16, 5, 0]"
болезнь 5,дискретный 5,2,15,17,"[6, 11, 1, 7, 3, 4, 2, 8, 14, 15, 13, 10, 9]"
болезнь 5,дискретный 5,3,1,10,"[12, 16]"
болезнь 5,дискретный 6,0,9,10,"[0, 10]"
болезнь 5,дискретный 6,1,2,21,"[6, 4, 12, 3, 13, 11, 7, 15, 2, 14, 8, 5, 1, 9]"
болезнь 5,дискретный 7,0,12,15,"[10, 4, 2, 6, 9, 0]"
болезнь 5,дискретный 8,0,3,14,"[4, 6, 5, 3, 7]"
болезнь 5,дискретный 9,0,16,17,"[8, 9, 16, 12, 2, 5]"
болезнь 5,дискретный 10,0,14,16,"[7, 4, 1, 8, 0, 6, 2]"
болезнь 5,дискретный 10,1,4,12,[3]
болезнь 5,дискретный 11,0,5,24,"[3, 1, 0]"
болезнь 5,дискретный 12,0,15,21,"[5, 4, 3, 0, 1]"
болезнь 5,дискретный 13,0,19,23,"[3, 1, 5, 0, 11, 7, 9]"
болезнь 5,дискретный 13,1,1,10,"[6, 4, 10, 8, 2]"
болезнь 5,дискретный 13,2,10,16,"[0, 1]"
болезнь 5,дискретный 13,3,3,16,"[6, 4, 7, 10, 9, 8]"
болезнь 5,дискретный 13,4,7,9,"[1, 0, 11, 3, 2]"
болезнь 5,дискретный 14,0,6,18,"[3, 7, 2]"
болезнь 5,дискретный 14,1,3,18,"[1, 11, 9]"
болезнь 5,дискретный 14,2,3,17,"[3, 13, 8, 5, 12]"
болезнь 5,дискретный 15,0,13,15,"[11, 9, 15, 12, 16]"
болезнь 5,дискретный 16,0,5,14,"[14, 7]"
болезнь 5,дискретный 17,0,12,17,"[10, 7, 8, 9, 3, 1, 2, 0, 11, 5, 12]"
болезнь 5,дискретный 18,0,9,22,"[2, 9, 12, 15, 8, 1, 5]"
болезнь 5,дискретный 19,0,7,23,"[7, 13, 9, 12, 1, 2, 5, 11, 4, 8]"
болезнь 5,дискретный 19,1,13,23,"[10, 3]"
болезнь 5,дискретный 19,2,7,22,"[6, 2, 9, 13, 7, 11, 5, 4, 0]"
болезнь 5,дискретный 19,3,4,19,"[1, 3, 10, 8]"
болезнь 5,дискретный 19,4,14,21,"[6, 13, 5]"
болезнь 5,дискретный 20,0,13,19,"[17, 6, 11, 14]"
болезнь 5,дискретный 20,1,18,20,"[5, 10, 2, 1, 7, 16, 8, 4]"
болезнь 5,дискретный 21,0,2,11,[2]
болезнь 5,дискретный 22,0,3,12,"[15, 17, 11, 16, 7, 8, 4, 2, 9, 12, 13]"
болезнь 5,дискретный 22,1,5,21,"[18, 0, 14, 1, 6, 5, 3]"
болезнь 5,дискретный 23,0,10,13,"[11, 7, 5, 10, 4, 6, 3, 8, 1, 0]"
болезнь 5,дискретный 23,1,3,4,"[2, 9]"
болезнь 5,дискретный 23,2,1,8,"[4, 1]"
болезнь 5,дискретный 23,3,7,16,"[5, 7, 11, 8, 0, 10, 3, 2, 6]"
болезнь 5,дискретный 24,0,9,21,"[13, 4, 9, 8, 14, 5, 3]"
болезнь 5,дискретный 25,0,8,20,"[3, 7, 8, 5, 11, 6, 1, 14]"
болезнь 5,дискретный 25,1,14,22,"[12, 13, 0, 2, 10, 9, 4]"
болезнь 5,дискретный 25,2,15,20,"[1, 5, 11, 3]"
болезнь 5,непрерывный 1,0,9,10,[4.459 5.536]
болезнь 5,непрерывный 1,1,7,16,[5.553 6.33 ]
болезнь 5,непрерывный 1,2,5,14,[2.367 5.329]
болезнь 5,непрерывный 1,3,2,24,[5.341 7.081]
болезнь 5,непрерывный 2,0,12,21,[-1.36275 -1.34662]
болезнь 5,непрерывный 3,0,1,5,[3.39928686 3.39929649]
болезнь 5,непрерывный 3,1,1,20,[3.39930032 3.39930451]
болезнь 5,непрерывный 3,2,5,6,[3.39928704 3.39929749]
болезнь 5,непрерывный 4,0,2,9,[-5.630814 -5.630444]
болезнь 5,непрерывный 5,0,4,14,[7.99278 8.00603]
болезнь 5,непрерывный 5,1,9,21,[7.95794 7.9901 ]
болезнь 5,непрерывный 6,0,2,23,[6.90227761 6.90229599]
болезнь 5,непрерывный 6,1,10,22,[6.90229905 6.90232086]
болезнь 5,непрерывный 6,2,21,24,[6.90228845 6.90229745]
болезнь 5,непрерывный 7,0,1,18,[7.27211 7.29117]
болезнь 5,непрерывный 7,1,9,12,[7.25901 7.27159]
болезнь 5,непрерывный 8,0,4,13,[1.48 9.58]
болезнь 5,непрерывный 9,0,7,21,[-3.5334136 -3.5333351]
болезнь 5,непрерывный 9,1,13,17,[-3.5334872 -3.5334574]
болезнь 5,непрерывный 9,2,13,15,[-3.5334374 -3.5333197]
болезнь 5,непрерывный 10,0,9,13,[-4.0016  -3.95736]
болезнь 5,непрерывный 10,1,9,13,[-4.01069 -4.00243]
болезнь 5,непрерывный 10,2,4,19,[-4.02822 -4.01293]
болезнь 5,непрерывный 10,3,6,13,[-3.99714 -3.96135]
болезнь 5,непрерывный 11,0,10,18,[-17.75   0.05]
болезнь 5,непрерывный 12,0,8,12,[-1.269427 -1.267138]
болезнь 5,непрерывный 12,1,2,10,[-1.270663 -1.269757]
болезнь 5,непрерывный 13,0,3,18,[6.25513 6.30585]
болезнь 5,непрерывный 13,1,9,10,[6.23862 6.24934]
болезнь 5,непрерывный 13,2,6,19,[6.25578 6.31187]
болезнь 5,непрерывный 13,3,20,22,[6.23478 6.25489]
болезнь 5,непрерывный 14,0,20,21,[-4.7185975 -4.7184744]
болезнь 5,непрерывный 14,1,3,9,[-4.7184522 -4.718419 ]
болезнь 5,непрерывный 14,2,5,9,[-4.7185627 -4.7184729]
болезнь 5,непрерывный 14,3,4,23,[-4.718618 -4.718564]
болезнь 5,непрерывный 15,0,13,17,[-16.42   1.57]
болезнь 5,непрерывный 15,1,1,13,[ 5.43 10.91]
болезнь 5,непрерывный 15,2,1,24,[-19.39   2.06]
болезнь 5,непрерывный 15,3,10,21,[ 2.11 11.08]
болезнь 5,непрерывный 16,0,23,24,[-6.0946684 -6.0941011]
болезнь 5,непрерывный 16,1,8,14,[-6.0948254 -6.0946698]
болезнь 5,непрерывный 16,2,2,14,[-6.0942737 -6.0939935]
болезнь 5,непрерывный 17,0,8,15,[5.28114013 5.28114079]
болезнь 5,непрерывный 18,0,10,14,[-2.208 -1.927]
болезнь 5,непрерывный 18,1,12,19,[-1.674 -1.321]
болезнь 5,непрерывный 18,2,9,23,[-2.026 -1.721]
болезнь 5,непрерывный 19,0,8,9,[2.5014908 2.5015528]
болезнь 5,непрерывный 19,1,8,15,[2.5012029 2.5013681]
болезнь 5,непрерывный 19,2,18,21,[2.5014364 2.5016766]
болезнь 5,непрерывный 19,3,2,16,[2.5013396 2.5014167]
болезнь 5,непрерывный 20,0,1,2,[-5.275 -3.065]
болезнь 5,непрерывный 20,1,3,24,[-6.038 -5.405]
болезнь 5,непрерывный 21,0,9,22,[4.766231 4.767612]
болезнь 5,непрерывный 22,0,1,6,[-0.977  2.54 ]
болезнь 5,непрерывный 22,1,10,18,[-5.046 -3.301]
болезнь 5,непрерывный 23,0,22,24,[-1.421 -1.402]
болезнь 5,непрерывный 23,1,5,7,[-1.4893 -1.441 ]
болезнь 5,непрерывный 24,0,4,19,[8.31569436 8.31572447]
болезнь 5,непрерывный 24,1,1,13,[8.3157245  8.31574934]
болезнь 5,непрерывный 24,2,7,15,[8.31568436 8.31569952]
болезнь 5,непрерывный 24,3,17,20,[8.31566689 8.31568127]
болезнь 5,непрерывный 25,0,5,6,[-7.7265 -7.2911]
болезнь 5,непрерывный 25,1,3,16,[-7.8141 -7.7478]
болезнь 5,непрерывный 25,2,14,23,[-7.7024 -7.4691]
болезнь 6,дискретный 1,0,6,24,"[10, 5, 12]"
болезнь 6,дискретный 1,1,9,14,"[3, 1, 14, 8, 0]"
болезнь 6,дискретный 1,2,7,21,"[9, 5, 11, 12, 13, 10, 6]"
болезнь 6,дискретный 1,3,10,19,"[2, 3, 14]"
болезнь 6,дискретный 2,0,10,24,"[11, 3, 4, 1, 5, 0, 12, 7, 9, 10]"
болезнь 6,дискретный 2,1,10,19,"[8, 6, 2]"
болезнь 6,дискретный 3,0,2,17,"[12, 9]"
болезнь 6,дискретный 3,1,5,20,"[8, 2, 13, 10, 15, 11]"
болезнь 6,дискретный 3,2,3,10,"[9, 0, 6, 3, 4, 14]"
болезнь 6,дискретный 4,0,15,20,[3]
болезнь 6,дискретный 4,1,10,18,"[1, 0]"
болезнь 6,дискретный 4,2,11,24,[3]
болезнь 6,дискретный 5,0,1,9,"[14, 10, 8, 0, 16, 6, 13, 11]"
болезнь 6,дискретный 5,1,8,12,"[4, 3, 9, 7, 5, 12, 1, 15, 2]"
болезнь 6,дискретный 5,2,1,19,"[0, 13, 11, 8]"
болезнь 6,дискретный 5,3,16,24,"[14, 1, 12, 5, 3]"
болезнь 6,дискретный 5,4,8,9,"[6, 9, 8]"
болезнь 6,дискретный 6,0,1,19,"[0, 3, 7, 15, 10, 5, 1, 11]"
болезнь 6,дискретный 6,1,11,20,"[6, 9, 13, 14]"
болезнь 6,дискретный 7,0,7,9,"[3, 4, 7]"
болезнь 6,дискретный 8,0,1,6,"[1, 0, 8, 2, 5]"
болезнь 6,дискретный 9,0,5,22,"[8, 16]"
болезнь 6,дискретный 9,1,7,13,"[1, 14, 4, 5, 7, 11, 15, 6, 12, 0, 2, 9, 10]"
болезнь 6,дискретный 9,2,4,19,"[13, 16, 8, 3]"
болезнь 6,дискретный 10,0,17,24,"[4, 2, 0]"
болезнь 6,дискретный 11,0,2,10,"[3, 4, 0]"
болезнь 6,дискретный 11,1,17,22,[1]
болезнь 6,дискретный 12,0,13,22,"[3, 0, 5, 1]"
болезнь 6,дискретный 13,0,3,16,"[10, 2, 5, 6, 1, 9, 4, 11]"
болезнь 6,дискретный 13,1,9,14,"[8, 0, 3, 7]"
болезнь 6,дискретный 13,2,13,24,"[5, 10, 9, 1, 11, 4, 6]"
болезнь 6,дискретный 14,0,12,18,"[2, 10, 7]"
болезнь 6,дискретный 14,1,8,15,"[4, 0]"
болезнь 6,дискретный 14,2,6,15,"[12, 1, 2, 6, 11]"
болезнь 6,дискретный 15,0,14,16,"[11, 19, 9, 18, 12, 5]"
болезнь 6,дискретный 16,0,17,22,"[8, 2, 6, 10, 1, 7, 14, 4, 3, 12, 9]"
болезнь 6,дискретный 16,1,11,19,"[11, 13, 5, 0]"
болезнь 6,дискретный 16,2,15,16,"[1, 8]"
болезнь 6,дискретный 17,0,1,5,"[7, 6, 12, 3, 5, 4, 8, 2, 10, 9, 0]"
болезнь 6,дискретный 17,1,13,22,"[1, 11]"
болезнь 6,дискретный 18,0,11,16,"[2, 4, 12, 8, 15, 10, 5, 3, 7, 6, 14, 9, 1]"
болезнь 6,дискретный 18,1,2,12,"[13, 11, 0]"
болезнь 6,дискретный 19,0,8,21,"[12, 11, 4, 1, 9, 5, 6, 8, 2]"
болезнь 6,дискретный 19,1,3,9,"[7, 0]"
болезнь 6,дискретный 19,2,5,7,"[5, 1, 13, 10, 3, 8, 2, 9]"
болезнь 6,дискретный 19,3,4,24,"[12, 7, 11, 6, 4]"
болезнь 6,дискретный 20,0,18,21,"[1, 7, 12, 8, 0, 6, 18, 2, 10]"
болезнь 6,дискретный 21,0,6,20,[3]
болезнь 6,дискретный 21,1,8,16,[1]
болезнь 6,дискретный 22,0,16,19,"[0, 6, 17, 16, 18, 13, 9, 4, 11, 1, 15, 2, 8, 7, 12, 10]"
болезнь 6,дискретный 22,1,2,19,"[5, 14, 3]"
болезнь 6,дискретный 22,2,16,18,"[4, 13, 11, 7, 2, 0, 16, 12, 17, 18, 8, 15, 9, 6, 10, 1]"
болезнь 6,дискретный 22,3,4,18,"[14, 3]"
болезнь 6,дискретный 23,0,18,21,"[2, 11, 8, 9, 10, 3, 1, 7]"
болезнь 6,дискретный 23,1,19,23,"[6, 5, 4]"
болезнь 6,дискретный 23,2,1,17,"[8, 7, 2, 0, 11, 1, 10]"
болезнь 6,дискретный 24,0,1,13,"[6, 14, 0, 13, 1, 5, 15, 9, 11, 10, 7, 8, 16]"
болезнь 6,дискретный 24,1,14,19,"[3, 2, 12]"
болезнь 6,дискретный 24,2,1,10,"[5, 4, 16, 10, 7, 13, 6]"
болезнь 6,дискретный 25,0,10,11,"[2, 0]"
болезнь 6,непрерывный 1,0,16,18,[2.422 5.889]
болезнь 6,непрерывный 1,1,2,11,[6.119 6.707]
болезнь 6,непрерывный 1,2,3,17,[2.654 4.301]
болезнь 6,непрерывный 1,3,12,20,[1.984 2.515]
болезнь 6,непрерывный 1,4,8,22,[3.837 5.74 ]
болезнь 6,непрерывный 2,0,8,20,[-1.38918 -1.31446]
болезнь 6,непрерывный 2,1,6,10,[-1.31273 -1.29817]
болезнь 6,непрерывный 2,2,9,22,[-1.3871  -1.37283]
болезнь 6,непрерывный 2,3,8,10,[-1.36458 -1.34763]
болезнь 6,непрерывный 3,0,4,10,[3.39928582 3.39930098]
болезнь 6,непрерывный 3,1,15,16,[3.39930103 3.3993085 ]
болезнь 6,непрерывный 4,0,5,21,[-5.630466 -5.630316]
болезнь 6,непрерывный 4,1,1,17,[-5.631267 -5.630599]
болезнь 6,непрерывный 4,2,8,10,[-5.630582 -5.630087]
болезнь 6,непрерывный 4,3,10,13,[-5.630914 -5.630739]
болезнь 6,непрерывный 4,4,1,5,[-5.631211 -5.631072]
болезнь 6,непрерывный 5,0,2,15,[7.93612 8.00858]
болезнь 6,непрерывный 5,1,6,18,[8.01297 8.02758]
болезнь 6,непрерывный 5,2,14,15,[7.94048 7.97299]
болезнь 6,непрерывный 5,3,4,10,[7.98089 8.00641]
болезнь 6,непрерывный 5,4,11,20,[7.93538 7.97577]
болезнь 6,непрерывный 6,0,2,16,[6.90229654 6.90232796]
болезнь 6,непрерывный 6,1,12,16,[6.90228098 6.90229356]
болезнь 6,непрерывный 7,0,5,13,[7.26477 7.28411]
болезнь 6,непрерывный 7,1,1,13,[7.285 7.292]
болезнь 6,непрерывный 7,2,3,20,[7.25962 7.28398]
болезнь 6,непрерывный 8,0,8,10,[ 5.55 10.77]
болезнь 6,непрерывный 8,1,3,20,[12.32 15.82]
болезнь 6,непрерывный 8,2,10,20,[0.88 8.83]
болезнь 6,непрерывный 8,3,9,12,[10.92 16.41]
болезнь 6,непрерывный 9,0,15,16,[-3.5334761 -3.5333368]
болезнь 6,непрерывный 9,1,3,11,[-3.533336  -3.5333135]
болезнь 6,непрерывный 9,2,11,16,[-3.5334968 -3.5333438]
болезнь 6,непрерывный 9,3,9,20,[-3.5333394 -3.5333145]
болезнь 6,непрерывный 10,0,14,22,[-4.01774 -3.98279]
болезнь 6,непрерывный 11,0,8,17,[-14.6   20.35]
болезнь 6,непрерывный 11,1,3,10,[-35.52 -15.53]
болезнь 6,непрерывный 11,2,11,24,[15.94 26.81]
болезнь 6,непрерывный 11,3,10,22,[-31.54   2.9 ]
болезнь 6,непрерывный 11,4,5,21,[-39.4  -31.62]
болезнь 6,непрерывный 12,0,2,21,[-1.267096 -1.265521]
болезнь 6,непрерывный 12,1,4,9,[-1.270466 -1.269192]
болезнь 6,непрерывный 12,2,6,9,[-1.269025 -1.266228]
болезнь 6,непрерывный 13,0,9,24,[6.23302 6.24672]
болезнь 6,непрерывный 13,1,22,24,[6.25913 6.32857]
болезнь 6,непрерывный 13,2,5,6,[6.24176 6.25266]
болезнь 6,непрерывный 13,3,11,18,[6.27226 6.29963]
болезнь 6,непрерывный 13,4,2,13,[6.23606 6.25856]
болезнь 6,непрерывный 14,0,10,21,[-4.7185998 -4.7184452]
болезнь 6,непрерывный 15,0,5,22,[-22.19 -10.01]
болезнь 6,непрерывный 15,1,9,22,[-29.44 -24.04]
болезнь 6,непрерывный 15,2,14,16,[-22.03  10.52]
болезнь 6,непрерывный 15,3,17,24,[-30.32 -22.25]
болезнь 6,непрерывный 16,0,7,15,[-6.0943562 -6.0941636]
болезнь 6,непрерывный 16,1,7,9,[-6.09414   -6.0940104]
болезнь 6,непрерывный 17,0,15,16,[5.28114069 5.28114124]
болезнь 6,непрерывный 17,1,16,23,[5.28114161 5.28114199]
болезнь 6,непрерывный 18,0,5,6,[-2.906 -1.881]
болезнь 6,непрерывный 18,1,3,14,[-1.837 -1.614]
болезнь 6,непрерывный 18,2,6,21,[-3.324 -2.129]
болезнь 6,непрерывный 18,3,2,22,[-2.098 -1.233]
болезнь 6,непрерывный 18,4,7,16,[-3.341 -2.27 ]
болезнь 6,непрерывный 19,0,2,19,[2.5012757 2.5015699]
болезнь 6,непрерывный 19,1,3,6,[2.5011255 2.5012304]
болезнь 6,непрерывный 20,0,16,24,[-3.746 -1.317]
болезнь 6,непрерывный 20,1,12,24,[-6.123 -4.516]
болезнь 6,непрерывный 21,0,4,23,[4.766643 4.768229]
болезнь 6,непрерывный 21,1,10,19,[4.765896 4.76661 ]
болезнь 6,непрерывный 21,2,13,16,[4.76744  4.768259]
болезнь 6,непрерывный 21,3,4,7,[4.765977 4.76634 ]
болезнь 6,непрерывный 22,0,1,20,[-3.392  1.849]
болезнь 6,непрерывный 22,1,1,24,[-4.93  -3.443]
болезнь 6,непрерывный 22,2,14,21,[1.454 2.995]
болезнь 6,непрерывный 22,3,13,18,[-3.717 -2.548]
болезнь 6,непрерывный 22,4,13,17,[-1.516  2.598]
болезнь 6,непрерывный 23,0,16,17,[-1.4645 -1.3382]
болезнь 6,непрерывный 23,1,15,19,[-1.4976 -1.4681]
болезнь 6,непрерывный 24,0,4,14,[8.31568045 8.31570258]
болезнь 6,непрерывный 24,1,21,23,[8.31572419 8.31573332]
болезнь 6,непрерывный 24,2,16,19,[8.31566842 8.31570465]
болезнь 6,непрерывный 25,0,7,20,[-7.3785 -7.2945]
болезнь 6,непрерывный 25,1,10,15,[-7.7689 -7.7126]
болезнь 6,непрерывный 25,2,3,7,[-7.6234 -7.3283]
болезнь 7,дискретный 1,0,12,15,"[6, 10, 9, 14]"
болезнь 7,дискретный 1,1,14,22,"[4, 2, 11, 12, 3, 13, 8, 1]"
болезнь 7,дискретный 2,0,1,13,"[4, 1, 8, 3, 5]"
болезнь 7,дискретный 2,1,8,14,"[7, 12, 9, 10]"
болезнь 7,дискретный 3,0,18,19,"[0, 5, 10, 8, 3, 16, 4, 6, 1, 2, 9, 7]"
болезнь 7,дискретный 3,1,1,8,"[14, 12, 15, 11, 13]"
болезнь 7,дискретный 3,2,7,16,"[3, 5, 2, 4, 6, 8, 10]"
болезнь 7,дискретный 3,3,9,19,"[15, 9, 14, 7, 13, 16, 12, 11]"
болезнь 7,дискретный 3,4,8,18,"[2, 1, 10, 5, 3, 8, 6, 0]"
болезнь 7,дискретный 4,0,9,22,[0]
болезнь 7,дискретный 4,1,12,19,"[1, 3, 2]"
болезнь 7,дискретный 4,2,11,20,[0]
болезнь 7,дискретный 5,0,5,12,"[6, 13, 5, 8, 0]"
болезнь 7,дискретный 5,1,17,21,"[3, 16, 11, 2, 1, 14, 7, 4, 12, 9]"
болезнь 7,дискретный 5,2,6,17,"[6, 10, 15, 0, 13, 8, 5]"
болезнь 7,дискретный 5,3,1,17,"[1, 9]"
болезнь 7,дискретный 5,4,16,18,"[5, 0, 13, 7, 6, 10, 16, 11, 8]"
болезнь 7,дискретный 6,0,9,19,"[14, 13, 6, 12, 11]"
болезнь 7,дискретный 7,0,6,19,"[8, 5, 3]"
болезнь 7,дискретный 7,1,6,23,"[7, 2, 10, 1, 9, 6, 4]"
болезнь 7,дискретный 7,2,9,18,"[5, 0, 3]"
болезнь 7,дискретный 7,3,21,24,"[7, 2, 4, 6, 8, 9, 10, 1]"
болезнь 7,дискретный 8,0,9,21,"[2, 1, 7, 4, 0]"
болезнь 7,дискретный 8,1,12,16,"[5, 8]"
болезнь 7,дискретный 8,2,14,23,"[6, 3]"
болезнь 7,дискретный 8,3,7,24,"[0, 8, 4, 7, 2, 1, 5]"
болезнь 7,дискретный 8,4,13,24,[3]
болезнь 7,дискретный 9,0,12,14,"[4, 10]"
болезнь 7,дискретный 9,1,1,24,"[2, 11, 14, 16, 13, 0, 3, 7, 1, 6, 15, 9]"
болезнь 7,дискретный 10,0,3,10,"[3, 2, 8, 7, 5]"
болезнь 7,дискретный 10,1,16,22,"[0, 6, 1, 4]"
болезнь 7,дискретный 10,2,16,17,"[3, 8, 5]"
болезнь 7,дискретный 10,3,2,9,"[1, 6, 0, 7, 4]"
болезнь 7,дискретный 11,0,7,18,"[0, 4]"
болезнь 7,дискретный 11,1,14,21,"[3, 1, 2]"
болезнь 7,дискретный 11,2,4,15,"[4, 0]"
болезнь 7,дискретный 11,3,10,24,"[2, 3, 1]"
болезнь 7,дискретный 12,0,5,6,"[3, 2]"
болезнь 7,дискретный 12,1,9,24,"[5, 0]"
болезнь 7,дискретный 12,2,10,20,"[1, 3, 2]"
болезнь 7,дискретный 12,3,12,21,"[5, 0]"
болезнь 7,дискретный 13,0,18,24,"[4, 3, 6, 9]"
болезнь 7,дискретный 13,1,12,13,"[0, 5, 8, 1, 10, 7]"
болезнь 7,дискретный 13,2,7,17,"[9, 4, 6]"
болезнь 7,дискретный 13,3,4,9,"[11, 0, 3, 8, 1, 7, 5]"
болезнь 7,дискретный 13,4,3,8,"[9, 4, 2, 6]"
болезнь 7,дискретный 14,0,3,17,"[1, 6, 11, 13, 5, 0, 8]"
болезнь 7,дискретный 14,1,3,18,"[4, 10, 7]"
болезнь 7,дискретный 14,2,5,11,"[13, 3, 2, 5]"
болезнь 7,дискретный 14,3,1,13,"[0, 12, 10, 7]"
болезнь 7,дискретный 14,4,2,5,"[6, 5, 3, 2, 8, 4]"
болезнь 7,дискретный 15,0,7,18,"[11, 17, 0]"
болезнь 7,дискретный 15,1,3,12,"[10, 8, 16, 6, 18, 14, 15, 5, 9, 1]"
болезнь 7,дискретный 16,0,6,20,"[12, 14, 3, 0, 13, 4, 11, 9, 5, 6]"
болезнь 7,дискретный 17,0,3,18,"[11, 10, 7, 12]"
болезнь 7,дискретный 17,1,2,5,"[1, 3, 6, 4, 9]"
болезнь 7,дискретный 17,2,19,23,"[12, 7, 10, 2]"
болезнь 7,дискретный 17,3,17,23,"[3, 9, 1, 4, 5, 0, 8]"
болезнь 7,дискретный 17,4,17,24,"[7, 12]"
болезнь 7,дискретный 18,0,3,21,"[0, 3, 10, 4, 6, 5, 9, 15, 2, 1, 14, 11, 8, 13]"
болезнь 7,дискретный 18,1,6,23,"[12, 7]"
болезнь 7,дискретный 18,2,15,17,"[0, 1, 6, 5, 3]"
болезнь 7,дискретный 18,3,13,22,"[14, 7, 4, 8, 10, 11, 15, 2]"
болезнь 7,дискретный 18,4,6,8,"[6, 12, 13, 9, 3]"
болезнь 7,дискретный 19,0,21,23,"[1, 6, 0, 4, 9]"
болезнь 7,дискретный 19,1,5,16,"[3, 8, 13, 12, 5, 7, 2, 11]"
болезнь 7,дискретный 19,2,7,19,"[10, 6]"
болезнь 7,дискретный 19,3,13,15,"[0, 8, 2]"
болезнь 7,дискретный 20,0,2,24,"[16, 9, 6, 15]"
болезнь 7,дискретный 21,0,12,17,"[2, 4]"
болезнь 7,дискретный 21,1,8,23,"[3, 0]"
болезнь 7,дискретный 21,2,4,5,"[1, 4, 2]"
болезнь 7,дискретный 21,3,7,10,[0]
болезнь 7,дискретный 22,0,11,21,"[12, 9, 18, 7, 10, 1, 17, 2, 3, 0, 5, 8, 11]"
болезнь 7,дискретный 22,1,1,7,"[13, 15]"
болезнь 7,дискретный 22,2,3,12,"[16, 0, 8, 9, 3, 2, 14, 12, 7, 5, 4, 11, 10, 6]"
болезнь 7,дискретный 22,3,8,23,"[13, 17, 15]"
болезнь 7,дискретный 23,0,2,10,"[4, 8, 3, 6, 0, 11, 5, 9, 2]"
болезнь 7,дискретный 23,1,12,13,"[1, 10]"
болезнь 7,дискретный 23,2,5,19,"[6, 11]"
болезнь 7,дискретный 23,3,10,19,"[5, 4, 10, 2, 3, 9, 1, 8]"
болезнь 7,дискретный 23,4,12,18,"[11, 0, 6, 7]"
болезнь 7,дискретный 24,0,1,3,"[2, 6, 15, 16, 14, 3, 11, 10, 1, 9]"
болезнь 7,дискретный 24,1,14,17,"[13, 12]"
болезнь 7,дискретный 24,2,8,11,"[2, 1]"
болезнь 7,дискретный 24,3,15,23,"[12, 3, 9, 13, 5, 15]"
болезнь 7,дискретный 25,0,9,10,"[7, 8, 3]"
болезнь 7,дискретный 25,1,3,23,"[12, 9, 11, 10, 13, 6, 0, 1, 14]"
болезнь 7,дискретный 25,2,12,23,"[7, 4, 8]"
болезнь 7,дискретный 25,3,1,13,"[2, 14, 11, 1, 3, 13, 0]"
болезнь 7,непрерывный 1,0,14,23,[2.024 6.092]
болезнь 7,непрерывный 1,1,12,24,[6.462 7.   ]
болезнь 7,непрерывный 2,0,7,24,[-1.3889  -1.31911]
болезнь 7,непрерывный 2,1,15,23,[-1.31401 -1.29583]
болезнь 7,непрерывный 3,0,13,24,[3.39929006 3.39930781]
болезнь 7,непрерывный 3,1,12,19,[3.39928701 3.39928988]
болезнь 7,непрерывный 3,2,6,13,[3.39929187 3.39929507]
болезнь 7,непрерывный 3,3,9,22,[3.39929634 3.39929872]
болезнь 7,непрерывный 3,4,6,15,[3.3992988  3.39930796]
болезнь 7,непрерывный 4,0,3,23,[-5.630751 -5.630232]
болезнь 7,непрерывный 4,1,7,19,[-5.631188 -5.631048]
болезнь 7,непрерывный 4,2,5,22,[-5.630614 -5.630237]
болезнь 7,непрерывный 4,3,6,23,[-5.631177 -5.630737]
болезнь 7,непрерывный 5,0,2,9,[7.93642 8.01035]
болезнь 7,непрерывный 5,1,16,18,[8.0159 8.0278]
болезнь 7,непрерывный 5,2,2,12,[7.98517 8.0039 ]
болезнь 7,непрерывный 6,0,8,12,[6.90231355 6.90232219]
болезнь 7,непрерывный 6,1,17,21,[6.90227589 6.90231175]
болезнь 7,непрерывный 7,0,2,4,[7.26566 7.2842 ]
болезнь 7,непрерывный 8,0,3,15,[ 2.66 13.26]
болезнь 7,непрерывный 8,1,8,22,[-0.41  2.25]
болезнь 7,непрерывный 8,2,8,9,[ 8.28 17.39]
болезнь 7,непрерывный 8,3,4,8,[-0.84  7.81]
болезнь 7,непрерывный 8,4,4,20,[ 8.56 16.61]
болезнь 7,непрерывный 9,0,1,9,[-3.5335233 -3.5333801]
болезнь 7,непрерывный 9,1,3,19,[-3.5333763 -3.5333189]
болезнь 7,непрерывный 9,2,11,21,[-3.5334611 -3.5334113]
болезнь 7,непрерывный 9,3,7,23,[-3.5333803 -3.5333169]
болезнь 7,непрерывный 10,0,1,24,[-3.96668 -3.95897]
болезнь 7,непрерывный 11,0,1,13,[-35.46 -28.17]
болезнь 7,непрерывный 11,1,14,16,[-6.53  1.9 ]
болезнь 7,непрерывный 11,2,9,13,[ 9.12 21.62]
болезнь 7,непрерывный 12,0,2,18,[-1.270464 -1.266093]
болезнь 7,непрерывный 13,0,10,20,[6.26199 6.30933]
болезнь 7,непрерывный 13,1,4,14,[6.23463 6.26071]
болезнь 7,непрерывный 13,2,19,21,[6.27082 6.32701]
болезнь 7,непрерывный 13,3,3,8,[6.23346 6.26959]
болезнь 7,непрерывный 14,0,3,9,[-4.7186223 -4.7184528]
болезнь 7,непрерывный 14,1,4,17,[-4.7184511 -4.7184159]
болезнь 7,непрерывный 15,0,12,24,[-17.74   9.8 ]
болезнь 7,непрерывный 15,1,18,22,[-26.87 -20.76]
болезнь 7,непрерывный 16,0,14,24,[-6.0948134 -6.0944276]
болезнь 7,непрерывный 17,0,12,24,[5.28113984 5.28114034]
болезнь 7,непрерывный 17,1,4,14,[5.28114051 5.28114218]
болезнь 7,непрерывный 18,0,4,9,[-1.81  -1.281]
болезнь 7,непрерывный 18,1,1,18,[-2.967 -2.525]
болезнь 7,непрерывный 18,2,16,18,[-3.308 -2.992]
болезнь 7,непрерывный 19,0,4,19,[2.5014445 2.5016347]
болезнь 7,непрерывный 19,1,4,13,[2.5012588 2.5014083]
болезнь 7,непрерывный 19,2,6,19,[2.5014452 2.501675 ]
болезнь 7,непрерывный 19,3,8,14,[2.5012174 2.5013052]
болезнь 7,непрерывный 19,4,21,23,[2.5013546 2.501689 ]
болезнь 7,непрерывный 20,0,14,22,[-3.073 -1.219]
болезнь 7,непрерывный 20,1,9,14,[-5.474 -3.524]
болезнь 7,непрерывный 20,2,13,17,[-3.387 -2.163]
болезнь 7,непрерывный 20,3,15,24,[-4.938 -4.352]
болезнь 7,непрерывный 21,0,16,17,[4.767163 4.768269]
болезнь 7,непрерывный 21,1,14,15,[4.76632  4.766991]
болезнь 7,непрерывный 21,2,2,22,[4.765858 4.766279]
болезнь 7,непрерывный 21,3,2,6,[4.767081 4.767956]
болезнь 7,непрерывный 21,4,15,24,[4.765892 4.76685 ]
болезнь 7,непрерывный 22,0,8,22,[-2.938  0.276]
болезнь 7,непрерывный 23,0,8,11,[-1.4744 -1.4554]
болезнь 7,непрерывный 23,1,6,20,[-1.4262 -1.3462]
болезнь 7,непрерывный 24,0,11,13,[8.31571535 8.31574501]
болезнь 7,непрерывный 25,0,3,24,[-7.7447 -7.3495]
болезнь 8,дискретный 1,0,18,23,"[7, 5, 6, 12, 10, 8, 11, 13, 14, 4, 2, 1]"
болезнь 8,дискретный 2,0,2,8,"[2, 11, 5, 10]"
болезнь 8,дискретный 2,1,9,18,"[1, 6, 7, 9, 4]"
болезнь 8,дискретный 2,2,10,19,"[3, 5, 10, 12, 0, 2]"
болезнь 8,дискретный 2,3,3,11,"[4, 6, 1]"
болезнь 8,дискретный 3,0,1,13,"[8, 13, 12, 6, 4, 10, 14, 5, 0, 9, 1, 3]"
болезнь 8,дискретный 3,1,11,24,"[16, 7]"
болезнь 8,дискретный 3,2,14,18,"[0, 15, 13, 8, 1]"
болезнь 8,дискретный 4,0,12,21,"[0, 3]"
болезнь 8,дискретный 4,1,14,23,[2]
болезнь 8,дискретный 4,2,15,18,"[3, 1]"
болезнь 8,дискретный 4,3,3,8,"[2, 0]"
болезнь 8,дискретный 5,0,6,23,"[3, 1, 12, 4]"
болезнь 8,дискретный 5,1,2,22,"[10, 11, 7, 16, 13]"
болезнь 8,дискретный 5,2,10,24,"[15, 2, 6, 5]"
болезнь 8,дискретный 5,3,3,19,"[4, 9]"
болезнь 8,дискретный 5,4,11,16,"[15, 5, 2, 11, 10, 3]"
болезнь 8,дискретный 6,0,12,14,"[9, 11, 13, 12, 15, 1]"
болезнь 8,дискретный 6,1,7,18,"[3, 5, 0, 7, 6, 14, 4, 2, 10, 8]"
болезнь 8,дискретный 6,2,11,14,"[1, 11, 9, 12, 13, 15]"
болезнь 8,дискретный 6,3,7,16,"[0, 10]"
болезнь 8,дискретный 6,4,8,21,"[15, 12, 9, 14, 13, 5, 2, 1, 3, 4]"
болезнь 8,дискретный 7,0,10,23,"[9, 6, 10, 5, 0, 8, 2]"
болезнь 8,дискретный 7,1,15,20,"[4, 1]"
болезнь 8,дискретный 7,2,5,23,"[10, 7]"
болезнь 8,дискретный 7,3,18,24,"[9, 3, 8, 6, 1, 5, 0]"
болезнь 8,дискретный 7,4,5,22,"[2, 4, 10]"
болезнь 8,дискретный 8,0,10,16,"[1, 5, 7, 3, 6, 8]"
болезнь 8,дискретный 9,0,20,24,"[1, 7, 15, 2]"
болезнь 8,дискретный 9,1,4,7,"[4, 11]"
болезнь 8,дискретный 9,2,18,20,"[2, 3]"
болезнь 8,дискретный 10,0,1,4,"[3, 2, 6, 0, 4, 7]"
болезнь 8,дискретный 11,0,3,23,[0]
болезнь 8,дискретный 11,1,8,11,"[3, 4]"
болезнь 8,дискретный 11,2,1,7,"[2, 1]"
болезнь 8,дискретный 11,3,12,21,"[3, 0]"
болезнь 8,дискретный 11,4,2,5,"[2, 4]"
болезнь 8,дискретный 12,0,3,9,"[3, 1, 2, 5]"
болезнь 8,дискретный 12,1,11,12,"[0, 4]"
болезнь 8,дискретный 12,2,6,18,"[1, 2, 3]"
болезнь 8,дискретный 12,3,6,23,"[5, 0]"
болезнь 8,дискретный 12,4,1,15,"[1, 2, 4]"
болезнь 8,дискретный 13,0,1,2,"[4, 1, 3, 0, 10, 9, 2, 5]"
болезнь 8,дискретный 13,1,1,22,"[7, 8]"
болезнь 8,дискретный 13,2,3,23,"[3, 2, 4, 1, 5, 11, 6, 0, 9, 10]"
болезнь 8,дискретный 14,0,6,16,"[10, 11, 0, 12, 4, 8, 9, 2, 3, 6, 13]"
болезнь 8,дискретный 14,1,8,13,"[7, 1, 5]"
болезнь 8,дискретный 14,2,10,24,"[10, 13, 2, 8, 3, 12, 9, 11, 6]"
болезнь 8,дискретный 14,3,15,16,"[0, 1, 4, 7]"
болезнь 8,дискретный 14,4,12,21,"[9, 3, 10, 5]"
болезнь 8,дискретный 15,0,2,8,"[7, 5, 19, 15, 13, 14, 4, 3, 0, 16, 6, 12, 17, 9]"
болезнь 8,дискретный 15,1,13,20,"[18, 2]"
болезнь 8,дискретный 16,0,19,22,"[9, 0, 5, 4]"
болезнь 8,дискретный 16,1,16,17,"[2, 3, 13, 12, 7, 6, 14, 1, 10]"
болезнь 8,дискретный 16,2,9,14,"[8, 0]"
болезнь 8,дискретный 17,0,14,23,"[10, 4, 5, 12, 9, 2, 11, 3]"
болезнь 8,дискретный 18,0,12,24,"[4, 12, 11, 5]"
болезнь 8,дискретный 18,1,8,19,"[2, 0, 3, 1, 8, 14, 6, 13, 10, 9, 15]"
болезнь 8,дискретный 18,2,13,24,"[12, 11]"
болезнь 8,дискретный 18,3,16,18,"[6, 13, 14, 5, 0, 7, 10, 15, 8, 1, 4, 2, 9, 3]"
болезнь 8,дискретный 19,0,3,23,"[2, 4, 3, 8, 6, 1, 13, 9, 11, 5, 7]"
болезнь 8,дискретный 20,0,2,16,"[2, 4, 3, 5, 8, 18, 12, 10, 1, 14, 0, 13, 6]"
болезнь 8,дискретный 20,1,15,16,"[16, 17, 9, 7, 11, 15]"
болезнь 8,дискретный 20,2,5,23,"[18, 8, 10, 2]"
болезнь 8,дискретный 20,3,7,12,"[12, 11, 6, 16, 13, 1, 0, 7, 3]"
болезнь 8,дискретный 21,0,2,13,[0]
болезнь 8,дискретный 21,1,17,23,"[1, 2, 4, 3]"
болезнь 8,дискретный 22,0,8,22,"[13, 5]"
болезнь 8,дискретный 22,1,18,19,"[18, 15, 0, 7, 1, 2]"
болезнь 8,дискретный 23,0,4,12,"[7, 3, 4, 10, 2]"
болезнь 8,дискретный 23,1,10,13,"[11, 5, 6, 9, 0]"
болезнь 8,дискретный 23,2,8,21,"[2, 3, 10, 1, 8]"
болезнь 8,дискретный 24,0,15,18,"[9, 5, 16, 1, 12, 2, 10, 3, 7, 8, 13]"
болезнь 8,дискретный 24,1,4,8,"[11, 15]"
болезнь 8,дискретный 24,2,19,22,"[2, 16, 12]"
болезнь 8,дискретный 25,0,6,7,"[13, 1, 3, 12, 11, 6, 4, 10, 8]"
болезнь 8,дискретный 25,1,9,15,"[2, 5, 7, 0, 9, 14]"
болезнь 8,дискретный 25,2,1,2,"[1, 6, 8, 4, 3, 11, 10, 12, 13]"
болезнь 8,непрерывный 1,0,9,24,[5.9   7.007]
болезнь 8,непрерывный 2,0,16,18,[-1.3607  -1.32463]
болезнь 8,непрерывный 2,1,10,16,[-1.31521 -1.2977 ]
болезнь 8,непрерывный 2,2,3,16,[-1.38363 -1.32785]
болезнь 8,непрерывный 3,0,20,21,[3.39930063 3.39930761]
болезнь 8,непрерывный 4,0,3,14,[-5.631035 -5.63053 ]
болезнь 8,непрерывный 4,1,14,16,[-5.630506 -5.630021]
болезнь 8,непрерывный 4,2,7,9,[-5.631244 -5.630681]
болезнь 8,непрерывный 4,3,12,24,[-5.630676 -5.630115]
болезнь 8,непрерывный 4,4,12,14,[-5.630978 -5.630744]
болезнь 8,непрерывный 5,0,4,23,[7.95948 7.97265]
болезнь 8,непрерывный 5,1,14,22,[7.9816 8.0261]
болезнь 8,непрерывный 5,2,5,7,[7.95958 7.97113]
болезнь 8,непрерывный 5,3,6,13,[7.97144 8.02788]
болезнь 8,непрерывный 6,0,8,9,[6.90231152 6.90232508]
болезнь 8,непрерывный 6,1,16,22,[6.90228338 6.90229489]
болезнь 8,непрерывный 6,2,3,9,[6.90230603 6.90232055]
болезнь 8,непрерывный 6,3,2,10,[6.90227656 6.9022829 ]
болезнь 8,непрерывный 7,0,10,23,[7.26619 7.28577]
болезнь 8,непрерывный 7,1,9,14,[7.28603 7.29206]
болезнь 8,непрерывный 7,2,10,16,[7.26818 7.28484]
болезнь 8,непрерывный 7,3,6,11,[7.28558 7.29117]
болезнь 8,непрерывный 7,4,12,16,[7.27216 7.28381]
болезнь 8,непрерывный 8,0,2,14,[ 9.86 16.98]
болезнь 8,непрерывный 8,1,1,9,[0.49 7.33]
болезнь 8,непрерывный 8,2,15,21,[ 8.31 17.36]
болезнь 8,непрерывный 8,3,1,10,[-0.16  7.56]
болезнь 8,непрерывный 9,0,2,6,[-3.5335207 -3.5333622]
болезнь 8,непрерывный 9,1,7,20,[-3.5333595 -3.5333144]
болезнь 8,непрерывный 9,2,21,22,[-3.5334467 -3.5334104]
болезнь 8,непрерывный 9,3,14,15,[-3.533525  -3.5334516]
болезнь 8,непрерывный 10,0,2,18,[-4.00919 -3.96512]
болезнь 8,непрерывный 10,1,2,13,[-4.03089 -4.00924]
болезнь 8,непрерывный 10,2,1,6,[-4.00911 -3.99252]
болезнь 8,непрерывный 10,3,4,18,[-4.02849 -4.01281]
болезнь 8,непрерывный 11,0,5,20,[-19.96   2.63]
болезнь 8,непрерывный 11,1,9,10,[-39.34 -20.66]
болезнь 8,непрерывный 11,2,1,18,[-6.18  8.19]
болезнь 8,непрерывный 11,3,8,12,[-33.51 -18.39]
болезнь 8,непрерывный 12,0,17,19,[-1.270442 -1.266067]
болезнь 8,непрерывный 12,1,20,24,[-1.26597  -1.265297]
болезнь 8,непрерывный 12,2,17,21,[-1.270537 -1.267376]
болезнь 8,непрерывный 12,3,16,19,[-1.267372 -1.265455]
болезнь 8,непрерывный 13,0,8,19,[6.26209 6.27857]
болезнь 8,непрерывный 13,1,13,14,[6.30055 6.31023]
болезнь 8,непрерывный 13,2,12,24,[6.23476 6.28632]
болезнь 8,непрерывный 13,3,6,17,[6.29237 6.32866]
болезнь 8,непрерывный 14,0,5,6,[-4.7184642 -4.7184338]
болезнь 8,непрерывный 14,1,1,4,[-4.7186309 -4.7184985]
болезнь 8,непрерывный 14,2,10,11,[-4.7184561 -4.7184333]
болезнь 8,непрерывный 14,3,13,18,[-4.7186175 -4.7185932]
болезнь 8,непрерывный 14,4,3,4,[-4.7185152 -4.7184224]
болезнь 8,непрерывный 15,0,3,9,[-11.18   3.02]
болезнь 8,непрерывный 15,1,11,14,[-26.09 -14.82]
болезнь 8,непрерывный 15,2,1,3,[-14.51   2.16]
болезнь 8,непрерывный 15,3,3,24,[ 2.2  11.64]
болезнь 8,непрерывный 16,0,1,15,[-6.0945565 -6.0940404]
болезнь 8,непрерывный 17,0,20,21,[5.28114026 5.28114121]
болезнь 8,непрерывный 18,0,3,23,[-2.897 -1.258]
болезнь 8,непрерывный 18,1,11,22,[-3.324 -3.08 ]
болезнь 8,непрерывный 18,2,17,22,[-2.934 -1.534]
болезнь 8,непрерывный 19,0,10,18,[2.5012879 2.5014931]
болезнь 8,непрерывный 19,1,2,18,[2.5014934 2.5016984]
болезнь 8,непрерывный 19,2,10,19,[2.5011583 2.5014777]
болезнь 8,непрерывный 19,3,12,21,[2.5014814 2.5016413]
болезнь 8,непрерывный 19,4,11,15,[2.5011511 2.5012373]
болезнь 8,непрерывный 20,0,3,22,[-4.86  -0.729]
болезнь 8,непрерывный 20,1,18,19,[-6.18  -4.896]
болезнь 8,непрерывный 20,2,21,23,[-3.89  -0.901]
болезнь 8,непрерывный 20,3,21,24,[-6.046 -4.047]
болезнь 8,непрерывный 20,4,5,19,[-3.894 -0.72 ]
болезнь 8,непрерывный 21,0,2,22,[4.766542 4.767113]
болезнь 8,непрерывный 21,1,18,21,[4.767233 4.768242]
болезнь 8,непрерывный 21,2,4,10,[4.765853 4.767212]
болезнь 8,непрерывный 21,3,9,11,[4.767231 4.768224]
болезнь 8,непрерывный 22,0,12,15,[-2.958  3.322]
болезнь 8,непрерывный 23,0,8,15,[-1.4384 -1.3958]
болезнь 8,непрерывный 24,0,3,22,[8.31571124 8.3157402 ]
болезнь 8,непрерывный 24,1,10,13,[8.31567217 8.31568216]
болезнь 8,непрерывный 24,2,4,11,[8.31568637 8.31571543]
болезнь 8,непрерывный 25,0,2,9,[-7.7184 -7.4652]
болезнь 8,непрерывный 25,1,1,22,[-7.4081 -7.3273]
болезнь 8,непрерывный 25,2,3,19,[-7.7563 -7.4296]
болезнь 8,непрерывный 25,3,4,22,[-7.4286 -7.2786]
болезнь 8,непрерывный 25,4,7,12,[-7.8223 -7.4311]
болезнь 9,дискретный 1,0,3,10,"[13, 12, 3, 11, 7, 0, 9]"
болезнь 9,дискретный 1,1,11,22,"[10, 4]"
болезнь 9,дискретный 1,2,8,24,"[8, 11, 2, 9, 12, 1, 5, 3, 6, 0, 7]"
болезнь 9,дискретный 1,3,3,14,"[14, 13]"
болезнь 9,дискретный 2,0,4,19,"[9, 10]"
болезнь 9,дискретный 3,0,15,23,"[1, 4, 14]"
болезнь 9,дискретный 3,1,4,6,"[11, 15, 9, 8, 5, 2, 16]"
болезнь 9,дискретный 3,2,10,18,"[6, 1, 12, 3, 7]"
болезнь 9,дискретный 4,0,5,13,"[3, 1, 0]"
болезнь 9,дискретный 5,0,1,4,"[4, 0, 3, 12]"
болезнь 9,дискретный 5,1,4,18,"[6, 15, 10, 14]"
болезнь 9,дискретный 5,2,5,9,"[16, 7, 9]"
болезнь 9,дискретный 6,0,8,20,"[6, 1, 14, 10, 8, 12, 7]"
болезнь 9,дискретный 6,1,2,10,"[15, 4, 13, 2, 11, 9, 3]"
болезнь 9,дискретный 6,2,3,22,"[8, 10, 5, 14, 1, 6, 12, 7]"
болезнь 9,дискретный 6,3,16,19,"[13, 3, 11]"
болезнь 9,дискретный 7,0,11,16,"[8, 5, 3, 1, 6, 9, 7, 0, 10]"
болезнь 9,дискретный 7,1,3,6,"[2, 4]"
болезнь 9,дискретный 7,2,5,12,"[9, 0, 3]"
болезнь 9,дискретный 7,3,1,22,"[8, 6, 2, 7, 4, 5, 1]"
болезнь 9,дискретный 7,4,14,24,"[3, 0, 9]"
болезнь 9,дискретный 8,0,4,15,"[4, 3, 2]"
болезнь 9,дискретный 9,0,10,22,"[6, 3, 9, 15, 16, 11, 2, 7, 1, 10, 8]"
болезнь 9,дискретный 9,1,4,8,"[4, 0, 12, 13, 5]"
болезнь 9,дискретный 9,2,2,24,"[6, 2]"
болезнь 9,дискретный 9,3,5,20,"[5, 0, 1, 10]"
болезнь 9,дискретный 10,0,12,14,"[7, 4, 1, 6, 5, 0, 3]"
болезнь 9,дискретный 10,1,12,20,"[2, 8]"
болезнь 9,дискретный 10,2,11,16,"[7, 6]"
болезнь 9,дискретный 11,0,12,20,[0]
болезнь 9,дискретный 11,1,7,12,"[4, 1]"
болезнь 9,дискретный 11,2,18,20,"[3, 0]"
болезнь 9,дискретный 11,3,4,13,[1]
болезнь 9,дискретный 11,4,7,14,"[2, 0, 4, 3]"
болезнь 9,дискретный 12,0,15,23,"[5, 3]"
болезнь 9,дискретный 12,1,7,14,"[2, 4, 1, 0]"
болезнь 9,дискретный 12,2,4,19,[5]
болезнь 9,дискретный 12,3,12,17,[1]
болезнь 9,дискретный 13,0,11,14,"[7, 9, 2, 8, 10, 0, 6, 11]"
болезнь 9,дискретный 13,1,12,23,"[5, 1]"
болезнь 9,дискретный 13,2,6,12,"[6, 8, 10, 11, 4, 9, 3, 7, 2, 0]"
болезнь 9,дискретный 14,0,1,18,"[2, 4]"
болезнь 9,дискретный 15,0,9,19,"[13, 16, 6, 8, 10, 19, 3, 7, 17, 18, 14, 9, 1, 4, 12]"
болезнь 9,дискретный 15,1,17,18,"[15, 0, 11, 2, 5]"
болезнь 9,дискретный 15,2,5,7,"[13, 6, 3, 16, 18, 4, 1, 19, 8, 17, 9, 12, 14, 7, 10]"
болезнь 9,дискретный 16,0,1,17,"[12, 14, 9, 2, 11, 6]"
болезнь 9,дискретный 17,0,9,13,"[7, 12, 10, 9, 4, 11]"
болезнь 9,дискретный 18,0,3,20,"[2, 4, 3, 6, 10]"
болезнь 9,дискретный 18,1,11,21,"[13, 9]"
болезнь 9,дискретный 19,0,10,16,"[7, 6, 13]"
болезнь 9,дискретный 19,1,8,20,"[2, 11, 0, 12, 1, 5, 4, 9]"
болезнь 9,дискретный 19,2,6,21,"[10, 13, 8, 3, 7]"
болезнь 9,дискретный 20,0,6,13,"[3, 1, 18, 10, 16]"
болезнь 9,дискретный 20,1,2,18,"[14, 11, 4, 13]"
болезнь 9,дискретный 20,2,4,20,"[10, 1, 18, 15, 5, 12, 3, 6, 17, 7, 8, 9, 16, 0]"
болезнь 9,дискретный 20,3,6,23,"[2, 11, 14]"
болезнь 9,дискретный 21,0,14,22,"[1, 0]"
болезнь 9,дискретный 21,1,12,16,[2]
болезнь 9,дискретный 22,0,1,3,"[4, 2, 16, 10, 13]"
болезнь 9,дискретный 22,1,10,20,"[11, 15, 0, 17, 6, 9, 8, 7]"
болезнь 9,дискретный 22,2,6,11,"[5, 13, 16, 2, 10, 1, 14, 18, 3]"
болезнь 9,дискретный 22,3,12,17,"[12, 0, 11, 7, 6, 9]"
болезнь 9,дискретный 22,4,6,14,"[13, 10]"
болезнь 9,дискретный 23,0,10,17,"[1, 7]"
болезнь 9,дискретный 23,1,6,10,"[9, 3, 4, 0, 10, 6, 2, 8, 11]"
болезнь 9,дискретный 23,2,2,15,"[5, 1, 7]"
болезнь 9,дискретный 23,3,7,23,"[4, 3, 0, 11, 9, 10, 8]"
болезнь 9,дискретный 23,4,3,13,"[1, 7, 6, 2]"
болезнь 9,дискретный 24,0,2,22,"[2, 4]"
болезнь 9,дискретный 24,1,6,19,"[12, 11, 1, 13]"
болезнь 9,дискретный 25,0,4,21,"[13, 11, 10, 8, 6, 3, 12, 4, 5, 2, 0]"
болезнь 9,дискретный 25,1,5,8,"[14, 9, 1]"
болезнь 9,дискретный 25,2,9,21,"[4, 7, 13, 10, 0, 11, 12]"
болезнь 9,дискретный 25,3,5,18,"[14, 6, 1, 9]"
болезнь 9,непрерывный 1,0,1,13,[3.117 6.713]
болезнь 9,непрерывный 1,1,8,15,[1.958 3.049]
болезнь 9,непрерывный 1,2,9,23,[3.178 6.999]
болезнь 9,непрерывный 1,3,5,11,[2.091 3.134]
болезнь 9,непрерывный 1,4,7,22,[3.68  5.155]
болезнь 9,непрерывный 2,0,1,12,[-1.37807 -1.33232]
болезнь 9,непрерывный 3,0,6,13,[3.39929276 3.39930389]
болезнь 9,непрерывный 3,1,2,6,[3.39928566 3.39929247]
болезнь 9,непрерывный 3,2,4,17,[3.39929247 3.39930705]
болезнь 9,непрерывный 3,3,15,24,[3.39928525 3.39929243]
болезнь 9,непрерывный 4,0,5,8,[-5.631011 -5.630492]
болезнь 9,непрерывный 4,1,4,8,[-5.630283 -5.630085]
болезнь 9,непрерывный 4,2,10,21,[-5.631163 -5.630378]
болезнь 9,непрерывный 4,3,3,4,[-5.630223 -5.63005 ]
болезнь 9,непрерывный 5,0,12,19,[7.98198 8.00877]
болезнь 9,непрерывный 6,0,1,21,[6.9022782  6.90230874]
болезнь 9,непрерывный 7,0,9,21,[7.26531 7.28509]
болезнь 9,непрерывный 7,1,9,13,[7.28516 7.29208]
болезнь 9,непрерывный 7,2,3,24,[7.26151 7.28459]
болезнь 9,непрерывный 8,0,6,13,[ 4.18 16.23]
болезнь 9,непрерывный 8,1,5,19,[1.29 3.82]
болезнь 9,непрерывный 8,2,2,21,[11.02 13.97]
болезнь 9,непрерывный 9,0,9,16,[-3.5334726 -3.533315 ]
болезнь 9,непрерывный 9,1,5,11,[-3.5335199 -3.533475 ]
болезнь 9,непрерывный 9,2,6,15,[-3.533438  -3.5333131]
болезнь 9,непрерывный 9,3,3,9,[-3.533525  -3.5334635]
болезнь 9,непрерывный 10,0,9,20,[-3.98025 -3.96835]
болезнь 9,непрерывный 10,1,12,24,[-3.96583 -3.9583 ]
болезнь 9,непрерывный 11,0,13,14,[-36.16  18.7 ]
болезнь 9,непрерывный 11,1,5,21,[19.6  28.61]
болезнь 9,непрерывный 11,2,6,11,[-18.42  -8.23]
болезнь 9,непрерывный 11,3,10,18,[-33.27 -26.04]
болезнь 9,непрерывный 11,4,7,12,[20.57 28.38]
болезнь 9,непрерывный 12,0,4,11,[-1.270058 -1.266866]
болезнь 9,непрерывный 12,1,8,17,[-1.270983 -1.270076]
болезнь 9,непрерывный 12,2,15,17,[-1.269825 -1.26605 ]
болезнь 9,непрерывный 12,3,12,20,[-1.26595  -1.265306]
болезнь 9,непрерывный 12,4,9,16,[-1.268912 -1.267123]
болезнь 9,непрерывный 13,0,2,11,[6.23342 6.29788]
болезнь 9,непрерывный 13,1,12,21,[6.30481 6.32437]
болезнь 9,непрерывный 14,0,2,10,[-4.7185653 -4.7185375]
болезнь 9,непрерывный 14,1,6,17,[-4.7185243 -4.7184138]
болезнь 9,непрерывный 15,0,6,8,[ 4.89 11.2 ]
болезнь 9,непрерывный 15,1,13,20,[-26.15  -2.8 ]
болезнь 9,непрерывный 16,0,17,18,[-6.094514 -6.094172]
болезнь 9,непрерывный 16,1,14,21,[-6.0948287 -6.0945277]
болезнь 9,непрерывный 17,0,1,19,[5.28114161 5.2811419 ]
болезнь 9,непрерывный 17,1,12,15,[5.28113985 5.28114093]
болезнь 9,непрерывный 18,0,17,24,[-2.948 -2.681]
болезнь 9,непрерывный 18,1,20,22,[-2.341 -1.387]
болезнь 9,непрерывный 18,2,5,11,[-3.351 -2.371]
болезнь 9,непрерывный 19,0,12,20,[2.5012252 2.501662 ]
болезнь 9,непрерывный 19,1,1,8,[2.5011266 2.5011864]
болезнь 9,непрерывный 19,2,2,4,[2.5013161 2.5013908]
болезнь 9,непрерывный 19,3,2,15,[2.5015212 2.5016068]
болезнь 9,непрерывный 20,0,9,18,[-5.674 -4.562]
болезнь 9,непрерывный 20,1,15,24,[-4.095 -0.924]
болезнь 9,непрерывный 20,2,13,20,[-6.268 -5.117]
болезнь 9,непрерывный 21,0,10,13,[4.766015 4.767882]
болезнь 9,непрерывный 21,1,10,23,[4.7679   4.768162]
болезнь 9,непрерывный 21,2,14,23,[4.766308 4.766869]
болезнь 9,непрерывный 22,0,11,12,[-4.303  1.556]
болезнь 9,непрерывный 22,1,5,13,[-5.248 -4.312]
болезнь 9,непрерывный 22,2,3,15,[-3.296  1.69 ]
болезнь 9,непрерывный 23,0,2,13,[-1.4316 -1.3333]
болезнь 9,непрерывный 23,1,19,20,[-1.4666 -1.4404]
болезнь 9,непрерывный 23,2,7,17,[-1.4184 -1.3228]
болезнь 9,непрерывный 24,0,18,23,[8.31566887 8.31572227]
болезнь 9,непрерывный 24,1,9,14,[8.31572275 8.31574677]
болезнь 9,непрерывный 24,2,1,15,[8.31567367 8.31570756]
болезнь 9,непрерывный 24,3,6,23,[8.31570928 8.31573336]
болезнь 9,непрерывный 25,0,6,21,[-7.5472 -7.4115]
болезнь 9,непрерывный 25,1,3,12,[-7.7914 -7.653 ]
болезнь 9,непрерывный 25,2,10,11,[-7.4583 -7.2838]
болезнь 9,непрерывный 25,3,16,23,[-7.7767 -7.6923]
